448.860188075445 0.0562352355938792 0.117320093074809 0.154592596093107 466.518500169795 454.860188075445 1 0.1 0.1 0.1
399.989418007236 0.389661683929194 0.0678456040843662 0.147391537926362 417.647730101586 405.989418007236 2 0.3 0.1 0.1
420.925305672973 0.391687353205388 0.273302594264999 0.104043836198662 438.583617767324 426.925305672973 3 0.5 0.1 0.1
435.185756184913 0.656548893314733 0.248911137492805 0.0855135208934943 452.844068279263 441.185756184913 4 0.7 0.1 0.1
412.71032931293 0.832267960777236 0.20795934956839 0.0894671025822493 430.36864140728 418.71032931293 5 0.9 0.1 0.1
453.3037009305 0.625617311589605 0.507353843852001 0.0643085606201499 470.962013024851 459.3037009305 6 0.1 0.3 0.1
437.965423835447 0.138931456777678 0.31263160376798 0.120198673602234 455.623735929797 443.965423835447 7 0.3 0.3 0.1
417.494222481999 0.234879588524358 0.167066755026462 0.128966588870947 435.152534576349 423.494222481999 8 0.5 0.3 0.1
408.946371654831 0.651484584306805 0.32547373475556 0.0963274044321642 426.604683749181 414.946371654831 9 0.7 0.3 0.1
433.210433257776 0.562633779005363 0.300772691752195 0.0902958545892849 450.868745352127 439.210433257776 10 0.9 0.3 0.1
445.256874826875 0.225298867706535 0.388196559701277 0.0979160238307761 462.915186921225 451.256874826875 11 0.1 0.5 0.1
455.966005266546 0.197337147920839 0.218530348929276 0.106535742674622 473.624317360896 461.966005266546 12 0.3 0.5 0.1
428.400078284507 0.143873299389817 0.169819446482782 0.153125119229616 446.058390378857 434.400078284507 13 0.5 0.5 0.1
399.14754994988 0.760287657053292 0.0808687557387871 0.106923012736586 416.805862044231 405.14754994988 14 0.7 0.5 0.1
439.031030639651 0.0297384958862442 0.277674656469599 0.162571795555107 456.689342734001 445.031030639651 15 0.9 0.5 0.1
456.826912797415 0.136821345042469 0.413079591644752 0.0903418096396058 474.485224891766 462.826912797415 16 0.1 0.7 0.1
467.067358902338 0.9 0.437117401666469 0.0494965540426066 484.725670996689 473.067358902338 17 0.3 0.7 0.1
441.798131622026 0.616658988994681 0.479239211961027 0.0824984511549009 459.456443716376 447.798131622026 18 0.5 0.7 0.1
427.935012266109 0.421173369863272 0.817949465277784 0.0814829891841436 445.593324360459 433.935012266109 19 0.7 0.7 0.1
413.179998557662 0.511127604825815 0.34399268630839 0.108589794580294 430.838310652013 419.179998557662 20 0.9 0.7 0.1
484.708908982046 0.173775799776449 0.0296902556585271 0.0732407721333815 502.367221076397 490.708908982046 21 0.1 0.9 0.1
440.211132599501 0.149906430553386 0.0518321274216835 0.150113178754331 457.869444693852 446.211132599501 22 0.3 0.9 0.1
422.234565205566 0.728924896664832 0.603099935147051 0.0781726385115423 439.892877299917 428.234565205566 23 0.5 0.9 0.1
456.480785317375 0.340434224163059 0.355250720071114 0.0841293335301264 474.139097411726 462.480785317375 24 0.7 0.9 0.1
446.259089739589 0.0845988959841167 0.306659433453944 0.116670902939726 463.917401833939 452.259089739589 25 0.9 0.9 0.1
286.508848010743 0.0751829779072007 0.0236082575304016 0.9 304.167160105093 292.508848010743 26 0.1 0.1 0.3
160.860769669918 0.149451609031752 0.115690413160124 0.9 178.519081764268 166.860769669918 27 0.3 0.1 0.3
195.023237101923 0.0900703115647536 0.062475731519657 0.9 212.681549196273 201.023237101923 28 0.5 0.1 0.3
192.509266053026 0.283951046586472 0.117811956046961 0.499617766661889 210.167578147377 198.509266053026 29 0.7 0.1 0.3
193.770466532926 0.0198257619397119 0.0677689289615973 0.9 211.428778627276 199.770466532926 30 0.9 0.1 0.3
309.501397406981 0.646727172934862 0.462122662595794 0.161650281991874 327.159709501331 315.501397406981 31 0.1 0.3 0.3
268.971584105063 0.352209178202303 0.181568619702457 0.252194003706472 286.629896199413 274.971584105063 32 0.3 0.3 0.3
202.390385916829 0.10011257985149 0.149637024441699 0.52692451940569 220.048698011179 208.390385916829 33 0.5 0.3 0.3
259.459207221678 0.182395808631756 0.181447755522227 0.416683484406141 277.117519316028 265.459207221678 34 0.7 0.3 0.3
208.904217786505 0.391486452427796 0.181964286726909 0.415433593165556 226.562529880856 214.904217786505 35 0.9 0.3 0.3
371.444275098986 0.188205330149937 0.568552154789357 0.166693518940255 389.102587193336 377.444275098986 36 0.1 0.5 0.3
326.726454299211 0.15560750563131 0.367315828704526 0.250333921905443 344.384766393561 332.726454299211 37 0.3 0.5 0.3
315.250054626331 0.585932265645568 0.158256199265222 0.232089195735413 332.908366720681 321.250054626331 38 0.5 0.5 0.3
214.27958790888 0.264247787476692 0.174097939083788 0.420175418137972 231.937900003231 220.27958790888 39 0.7 0.5 0.3
171.345513069475 0.170802854234807 0.110207363573275 0.752749977351069 189.003825163825 177.345513069475 40 0.9 0.5 0.3
419.630076554411 0.583874102039403 0.9 0.0770797496672288 437.288388648761 425.630076554411 41 0.1 0.7 0.3
383.022291559397 0.506089726944347 0.720382970499899 0.121843049787451 400.680603653748 389.022291559397 42 0.3 0.7 0.3
266.394698576433 0.725183129094067 0.439186341548232 0.177356083694352 284.053010670784 272.394698576433 43 0.5 0.7 0.3
286.778533124876 0.325765072038003 0.403711753393247 0.251577875602739 304.436845219227 292.778533124876 44 0.7 0.7 0.3
238.702119106418 0.245072969538395 0.186494102045639 0.387114274559655 256.360431200769 244.702119106418 45 0.9 0.7 0.3
488.855416194204 0.256189984947543 0.001 0.0661111911448036 506.513728288554 494.855416194204 46 0.1 0.9 0.3
425.614589277218 0.465424856454315 0.9 0.0839055954759147 443.272901371568 431.614589277218 47 0.3 0.9 0.3
365.513061744813 0.9 0.647430722260252 0.111199308829351 383.171373839163 371.513061744813 48 0.5 0.9 0.3
367.093996117494 0.83335648850571 0.565103888520553 0.119604283911145 384.752308211845 373.093996117494 49 0.7 0.9 0.3
392.579594695466 0.184174777062381 0.164041566967767 0.198644319922662 410.237906789817 398.579594695466 50 0.9 0.9 0.3
218.720241623418 0.178204292861683 0.0931543244308623 0.582715314801954 236.378553717768 224.720241623418 51 0.1 0.1 0.5
155.458306725987 0.0775785098778725 0.0794702137346493 0.9 173.116618820337 161.458306725987 52 0.3 0.1 0.5
133.947379894161 0.183827947415671 0.0856297826912026 0.9 151.605691988512 139.947379894161 53 0.5 0.1 0.5
140.624299506702 0.138440494364646 0.0842055240524919 0.9 158.282611601053 146.624299506702 54 0.7 0.1 0.5
113.018234074601 0.141232499327525 0.121279492023544 0.9 130.676546168952 119.018234074601 55 0.9 0.1 0.5
274.406737689394 0.109225048448526 0.169848009515245 0.388997123953584 292.065049783745 280.406737689394 56 0.1 0.3 0.5
167.965041908187 0.114439847331014 0.127746970138919 0.665811481624915 185.623354002537 173.965041908187 57 0.3 0.3 0.5
145.308282971349 0.261556385804149 0.10964593318665 0.640172021525689 162.9665950657 151.308282971349 58 0.5 0.3 0.5
149.156505597196 0.297373334203343 0.103371662118978 0.9 166.814817691547 155.156505597196 59 0.7 0.3 0.5
52.5901722458113 0.9 0.124846570344149 0.9 70.2484843401618 58.5901722458113 60 0.9 0.3 0.5
351.461635098422 0.410494722218029 0.866854791198406 0.139996516061207 369.119947192773 357.461635098422 61 0.1 0.5 0.5
224.201892642268 0.783197655826213 0.534122127577628 0.227690471030251 241.860204736618 230.201892642268 62 0.3 0.5 0.5
205.676183326308 0.9 0.307084289730052 0.238760873672566 223.334495420658 211.676183326308 63 0.5 0.5 0.5
207.905235494343 0.207270430765619 0.207196044280915 0.500243971586425 225.563547588693 213.905235494343 64 0.7 0.5 0.5
214.243452302692 0.001 0.0915955480210196 0.9 231.901764397042 220.243452302692 65 0.9 0.5 0.5
417.898961510675 0.001 0.398260402402441 0.208603193280969 435.557273605026 423.898961510675 66 0.1 0.7 0.5
343.325803686175 0.693747657522609 0.786896829881451 0.145679070025328 360.984115780525 349.325803686175 67 0.3 0.7 0.5
311.334364950222 0.0840562676992221 0.210796372423108 0.402511712048726 328.992677044572 317.334364950222 68 0.5 0.7 0.5
313.367932738924 0.497993498850206 0.232183213553956 0.242063153351853 331.026244833274 319.367932738924 69 0.7 0.7 0.5
274.722228818331 0.0246192362265476 0.0503807272480699 0.891021543408267 292.380540912681 280.722228818331 70 0.9 0.7 0.5
499.075170468314 0.001 0.001 0.001 516.733482562665 505.075170468314 71 0.1 0.9 0.5
428.847513083881 0.802780902922605 0.9 0.0701457148824302 446.505825178232 434.847513083881 72 0.3 0.9 0.5
401.032399882162 0.9 0.683648385123061 0.0888700743797825 418.690711976512 407.032399882162 73 0.5 0.9 0.5
323.253144540817 0.690974118228505 0.559885254931967 0.152086703211911 340.911456635168 329.253144540817 74 0.7 0.9 0.5
291.590452864665 0.836753286034716 0.437125783446857 0.147776873009765 309.248764959016 297.590452864665 75 0.9 0.9 0.5
201.676974466496 0.138166011000271 0.0945926400654267 0.705604016372416 219.335286560846 207.676974466496 76 0.1 0.1 0.7
132.035052967166 0.272018747893696 0.119030231550973 0.9 149.693365061517 138.035052967166 77 0.3 0.1 0.7
123.788685832223 0.130465817959411 0.103726199315616 0.9 141.446997926574 129.788685832223 78 0.5 0.1 0.7
113.792694468253 0.3589147211599 0.114750570821918 0.9 131.451006562604 119.792694468253 79 0.7 0.1 0.7
133.095812123027 0.213405040929644 0.111587218520442 0.9 150.754124217378 139.095812123027 80 0.9 0.1 0.7
228.545565816202 0.185996572707461 0.16130162323603 0.402727198177446 246.203877910553 234.545565816202 81 0.1 0.3 0.7
198.180035049663 0.513493117489891 0.263861395482553 0.386931070729004 215.838347144013 204.180035049663 82 0.3 0.3 0.7
136.02936792152 0.146398695892125 0.106739036303923 0.9 153.687680015871 142.02936792152 83 0.5 0.3 0.7
102.752701838571 0.9 0.111530377814133 0.9 120.411013932921 108.752701838571 84 0.7 0.3 0.7
78.1974676231736 0.220077028150612 0.156273625692236 0.9 95.8557797175241 84.1974676231736 85 0.9 0.3 0.7
334.623386018059 0.107120661125471 0.628853827683252 0.231659413953276 352.28169811241 340.623386018059 86 0.1 0.5 0.7
177.449757841582 0.643849227176863 0.512301690481769 0.304272561452155 195.108069935933 183.449757841582 87 0.3 0.5 0.7
181.869200966702 0.9 0.427834130865339 0.265813027333844 199.527513061053 187.869200966702 88 0.5 0.5 0.7
135.830985918642 0.170855714920894 0.103099992837444 0.9 153.489298012993 141.830985918642 89 0.7 0.5 0.7
116.641786310886 0.135969363491979 0.133575931244442 0.9 134.300098405236 122.641786310886 90 0.9 0.5 0.7
415.648301208314 0.105817163566264 0.9 0.10139248229651 433.306613302664 421.648301208314 91 0.1 0.7 0.7
344.593930896887 0.653419222358861 0.797997580143408 0.132335154003085 362.252242991238 350.593930896887 92 0.3 0.7 0.7
249.327714765635 0.9 0.756750067394 0.201156139655935 266.986026859986 255.327714765635 93 0.5 0.7 0.7
260.018612220529 0.676020696955332 0.182637773121006 0.242581907664959 277.67692431488 266.018612220529 94 0.7 0.7 0.7
188.263835130147 0.365316571564558 0.206984040618861 0.449330451014944 205.922147224498 194.263835130147 95 0.9 0.7 0.7
499.071118005568 0.001 0.001 0.001 516.729430099919 505.071118005568 96 0.1 0.9 0.7
403.575107319778 0.606101190628571 0.9 0.089427236595267 421.233419414128 409.575107319778 97 0.3 0.9 0.7
385.973547368533 0.730659973016116 0.9 0.0975610246284411 403.631859462883 391.973547368533 98 0.5 0.9 0.7
256.864250596195 0.800501091767812 0.606589666015538 0.206134201230612 274.522562690546 262.864250596195 99 0.7 0.9 0.7
300.119659795916 0.865960347990764 0.553575557717831 0.142753780154314 317.777971890266 306.119659795916 100 0.9 0.9 0.7
140.089898719385 0.0885340657489134 0.124145202626808 0.9 157.748210813736 146.089898719385 101 0.1 0.1 0.9
110.698843121719 0.211135349103656 0.104618613779673 0.9 128.357155216069 116.698843121719 102 0.3 0.1 0.9
136.094072472638 0.0322774566897715 0.10517617040351 0.9 153.752384566988 142.094072472638 103 0.5 0.1 0.9
103.514484009807 0.158999416499005 0.110288287985541 0.9 121.172796104157 109.514484009807 104 0.7 0.1 0.9
44.3126868107359 0.9 0.155498926907633 0.9 61.9709989050864 50.3126868107359 105 0.9 0.1 0.9
236.446091729327 0.068072982937223 0.306816027086343 0.493347357977685 254.104403823677 242.446091729327 106 0.1 0.3 0.9
164.035367078103 0.0554943143459476 0.176547774293025 0.9 181.693679172454 170.035367078103 107 0.3 0.3 0.9
134.555021509548 0.150853665198027 0.126692355728592 0.9 152.213333603898 140.555021509548 108 0.5 0.3 0.9
135.054397637482 0.237815880305685 0.110011558691997 0.9 152.712709731833 141.054397637482 109 0.7 0.3 0.9
119.364384273916 0.0321916528257297 0.105649164100555 0.9 137.022696368266 125.364384273916 110 0.9 0.3 0.9
289.520161818551 0.0661676807253723 0.284588469030696 0.358014011961457 307.178473912901 295.520161818551 111 0.1 0.5 0.9
238.284584111885 0.732029308256228 0.550764262947737 0.217149808583621 255.942896206236 244.284584111885 112 0.3 0.5 0.9
168.764504349258 0.500114516311267 0.161493813728567 0.530211786192146 186.422816443608 174.764504349258 113 0.5 0.5 0.9
229.800709606985 0.16257777802415 0.108231428191797 0.648765871039454 247.459021701335 235.800709606985 114 0.7 0.5 0.9
130.866149918157 0.110799880722383 0.0927718621231161 0.9 148.524462012507 136.866149918157 115 0.9 0.5 0.9
458.543853185839 0.001 0.9 0.0787817842482299 476.202165280189 464.543853185839 116 0.1 0.7 0.9
271.116619992653 0.803701153721598 0.9 0.179918559241023 288.774932087004 277.116619992653 117 0.3 0.7 0.9
303.986208089993 0.9 0.583839367007487 0.15171390850893 321.644520184343 309.986208089993 118 0.5 0.7 0.9
224.349336963407 0.9 0.510839769409019 0.238216504988902 242.007649057757 230.349336963407 119 0.7 0.7 0.9
220.352282815873 0.164371960446638 0.238302096323891 0.461244271513233 238.010594910224 226.352282815873 120 0.9 0.7 0.9
499.078876906771 0.001 0.001 0.001 516.737189001122 505.078876906771 121 0.1 0.9 0.9
465.26226267829 0.681617691152918 0.001 0.0766485191475425 482.920574772641 471.26226267829 122 0.3 0.9 0.9
323.584454766781 0.9 0.83726324695776 0.12357416645467 341.242766861131 329.584454766781 123 0.5 0.9 0.9
303.447723315023 0.9 0.140166984003602 0.151239180107072 321.106035409374 309.447723315023 124 0.7 0.9 0.9
197.689415063155 0.0666180965811065 0.131481045614875 0.649550993322204 215.347727157505 203.689415063155 125 0.9 0.9 0.9
