313.515570729392 0.140132981922168 0.121007861341052 -0.898755268223256 329.957487499418 319.515570729392 1 0.1 0.1 -0.9
309.725664376583 0.551954596227321 0.0661277980492905 -0.859743881926065 326.167581146609 315.725664376583 2 0.3 0.1 -0.9
275.457814630735 0.51718240020889 0.103928911625854 -0.847533860493079 291.899731400761 281.457814630735 3 0.5 0.1 -0.9
237.512597622113 0.578129655300584 0.165266497331255 -0.833977159778478 253.954514392139 243.512597622113 4 0.7 0.1 -0.9
262.417071140687 0.9 0.101245740408395 -0.822578736212745 278.858987910713 268.417071140687 5 0.9 0.1 -0.9
247.757948468498 0.0321359768091143 0.60539918225169 -0.9 264.199865238524 253.757948468498 6 0.1 0.3 -0.9
178.195294703518 0.222556127843797 0.321432456986484 -0.9 194.637211473544 184.195294703518 7 0.3 0.3 -0.9
157.852512980965 0.537411590632262 0.321511654956359 -0.842773696085286 174.294429750991 163.852512980965 8 0.5 0.3 -0.9
131.204285303521 0.694681290629387 0.490289972548189 -0.491353895210658 147.646202073547 137.204285303521 9 0.7 0.3 -0.9
146.127871601216 0.9 0.55763057434359 -0.413514647143486 162.569788371242 152.127871601216 10 0.9 0.3 -0.9
205.267814627223 0.0498270069224221 0.687278645206812 -0.9 221.709731397249 211.267814627223 11 0.1 0.5 -0.9
124.62632128706 0.216142478015613 0.58592954324693 -0.9 141.068238057086 130.62632128706 12 0.3 0.5 -0.9
93.1186883999903 0.507659169754069 0.646617233731968 -0.689794790272502 109.560605170016 99.1186883999903 13 0.5 0.5 -0.9
70.0535990048342 0.805994736737197 0.72791350253424 -0.778111229665717 86.4955157748602 76.0535990048342 14 0.7 0.5 -0.9
111.157718446317 0.9 0.711620623374387 -0.636169649562512 127.599635216343 117.157718446317 15 0.9 0.5 -0.9
157.130741392417 0.112537620126475 0.595604437920232 -0.9 173.572658162443 163.130741392417 16 0.1 0.7 -0.9
97.033114562502 0.285583280011079 0.714810331679682 -0.827144756737399 113.475031332528 103.033114562502 17 0.3 0.7 -0.9
66.5715354886069 0.548740949506753 0.843962919403283 -0.86658674267943 83.0134522586329 72.5715354886069 18 0.5 0.7 -0.9
102.724999122763 0.787322494137713 0.737489300215412 -0.775945944793358 119.166915892789 108.724999122763 19 0.7 0.7 -0.9
91.1532434618228 0.874476014558401 0.9 -0.9 107.595160231849 97.1532434618228 20 0.9 0.7 -0.9
108.059625487162 0.19298698305205 0.663625130345054 -0.9 124.501542257188 114.059625487162 21 0.1 0.9 -0.9
52.3373264530113 0.326312251284969 0.9 -0.9 68.7792432230373 58.3373264530113 22 0.3 0.9 -0.9
53.8921002530339 0.509601761228909 0.9 -0.9 70.3340170230599 59.8921002530339 23 0.5 0.9 -0.9
59.3046228517536 0.635178052884166 0.9 -0.9 75.7465396217796 65.3046228517536 24 0.7 0.9 -0.9
81.1251634285464 0.794034000855757 0.781399430378784 -0.799208574619775 97.5670801985723 87.1251634285464 25 0.9 0.9 -0.9
318.090340662661 0.0071147246264164 0.9 -0.9 334.532257432687 324.090340662661 26 0.1 0.1 -0.7
313.352139848114 0.493063340398608 0.0666038920072147 -0.860363642217491 329.79405661814 319.352139848114 27 0.3 0.1 -0.7
288.768415152478 0.773625469505921 0.0766518862814504 -0.827678578266984 305.210331922504 294.768415152478 28 0.5 0.1 -0.7
279.353632216472 0.88096314616951 0.0900834769647493 -0.801055793688588 295.795548986498 285.353632216472 29 0.7 0.1 -0.7
280.575015704806 0.838530986000565 0.0898961318693892 -0.822748997259771 297.016932474832 286.575015704806 30 0.9 0.1 -0.7
278.794507185319 0.105242619602736 0.224636893000585 -0.9 295.236423955345 284.794507185319 31 0.1 0.3 -0.7
167.741752261378 0.340274849349609 0.357468534142831 -0.89554026216664 184.183669031404 173.741752261378 32 0.3 0.3 -0.7
160.188090027905 0.592070337629158 0.27658770354159 -0.825364787958197 176.630006797931 166.188090027905 33 0.5 0.3 -0.7
145.971783081275 0.72247248465627 0.508893506317873 -0.474210136776347 162.413699851301 151.971783081275 34 0.7 0.3 -0.7
170.167168929857 0.9 0.504663105219641 -0.385959373823958 186.609085699883 176.167168929857 35 0.9 0.3 -0.7
223.830633533704 0.126485179233246 0.310896804244337 -0.9 240.27255030373 229.830633533704 36 0.1 0.5 -0.7
200.690301428437 0.170696970098467 0.395917949869902 -0.9 217.132218198463 206.690301428437 37 0.3 0.5 -0.7
105.038799836081 0.426888945869218 0.581489977863438 -0.659315126499537 121.480716606107 111.038799836081 38 0.5 0.5 -0.7
91.4879129689768 0.69977561335942 0.681649219071677 -0.675835960818969 107.929829739003 97.4879129689768 39 0.7 0.5 -0.7
127.206574406844 0.9 0.637243689937375 -0.513542871748324 143.64849117687 133.206574406844 40 0.9 0.5 -0.7
195.203318979168 0.15235940606437 0.382157420786791 -0.9 211.645235749194 201.203318979168 41 0.1 0.7 -0.7
81.6291902202378 0.32333955949866 0.632179984875338 -0.758493981126 98.0711069902638 87.6291902202378 42 0.3 0.7 -0.7
77.4934251929734 0.534423616870919 0.771505049245715 -0.776880618109521 93.9353419629994 83.4934251929734 43 0.5 0.7 -0.7
67.7985498586076 0.874409921455832 0.9 -0.9 84.2404666286335 73.7985498586076 44 0.7 0.7 -0.7
97.1790060016038 0.9 0.843986354251978 -0.828802289226724 113.62092277163 103.179006001604 45 0.9 0.7 -0.7
123.376953339818 0.190119401635221 0.546268601920877 -0.9 139.818870109844 129.376953339818 46 0.1 0.9 -0.7
67.9233629530398 0.236253278749778 0.770558811100382 -0.84798500997618 84.3652797230658 73.9233629530398 47 0.3 0.9 -0.7
63.5604121374472 0.542079412508908 0.78188389652679 -0.787012188954191 80.0023289074732 69.5604121374472 48 0.5 0.9 -0.7
73.4085340550952 0.699648007097858 0.889118189226208 -0.888155898032404 89.8504508251211 79.4085340550952 49 0.7 0.9 -0.7
102.042067855368 0.894401787930745 0.9 -0.9 118.483984625394 108.042067855368 50 0.9 0.9 -0.7
327.482353397452 0.00360323570105966 0.9 -0.9 343.924270167478 333.482353397452 51 0.1 0.1 -0.5
318.702234064515 0.343072487672158 0.0745815092050259 -0.698712139443569 335.144150834541 324.702234064515 52 0.3 0.1 -0.5
321.029077634781 0.0062133193571056 0.9 -0.9 337.470994404807 327.029077634781 53 0.5 0.1 -0.5
318.871637741402 0.862903859431734 0.139857495231867 -0.242048038288061 335.313554511428 324.871637741402 54 0.7 0.1 -0.5
300.698361957703 0.600671530808342 0.0793863271302718 -0.845666394371117 317.140278727729 306.698361957703 55 0.9 0.1 -0.5
318.31985321551 0.114964204916702 0.090699441001628 -0.9 334.761769985536 324.31985321551 56 0.1 0.3 -0.5
256.863310149723 0.394237226207758 0.139536370119035 -0.865782877884497 273.305226919749 262.863310149723 57 0.3 0.3 -0.5
232.594611456983 0.58308228543554 0.171004179632024 -0.829552458962143 249.036528227009 238.594611456983 58 0.5 0.3 -0.5
189.408109370238 0.634766685666963 0.215056290670954 -0.828988954766853 205.850026140264 195.408109370238 59 0.7 0.3 -0.5
205.683931287618 0.9 0.183167115479191 -0.795016184332104 222.125848057644 211.683931287618 60 0.9 0.3 -0.5
248.178980225617 0.120302154697113 0.290106737405634 -0.9 264.620896995643 254.178980225617 61 0.1 0.5 -0.5
159.546961370326 0.307813453914134 0.314502887210582 -0.889977681102677 175.988878140352 165.546961370326 62 0.3 0.5 -0.5
197.106467716126 0.602227271137982 0.247321657968518 -0.837736294072478 213.548384486152 203.106467716126 63 0.5 0.5 -0.5
107.285138902646 0.568439089803994 0.57214101341475 -0.608043007168422 123.727055672672 113.285138902646 64 0.7 0.5 -0.5
141.078669315203 0.849679857779059 0.562649998593791 -0.460589592905722 157.520586085229 147.078669315203 65 0.9 0.5 -0.5
227.747983953277 0.132612110873674 0.307672982370203 -0.9 244.189900723303 233.747983953277 66 0.1 0.7 -0.5
138.849507694477 0.324129513389057 0.351330865408954 -0.890623809078644 155.291424464503 144.849507694477 67 0.3 0.7 -0.5
127.826780866159 0.506220189369388 0.540534282283664 -0.620103111696358 144.268697636185 133.826780866159 68 0.5 0.7 -0.5
122.273296429063 0.719619554850382 0.576994535652305 -0.576290973594429 138.715213199089 128.273296429063 69 0.7 0.7 -0.5
119.614797728395 0.874238144997899 0.643883065730345 -0.582872675257832 136.056714498421 125.614797728395 70 0.9 0.7 -0.5
214.164236772453 0.195438207608815 0.281700698897453 -0.9 230.606153542479 220.164236772453 71 0.1 0.9 -0.5
93.3483220722297 0.284167059004762 0.605690438586056 -0.9 109.790238842256 99.3483220722297 72 0.3 0.9 -0.5
73.0107610895569 0.34391170238666 0.758284031156611 -0.803660999652467 89.4526778595829 79.0107610895569 73 0.5 0.9 -0.5
89.5692231747766 0.748250233156952 0.7712502440511 -0.772249490694612 106.011139944803 95.5692231747766 74 0.7 0.9 -0.5
132.5958178214 0.884674545305307 0.653137318743121 -0.55596561285676 149.037734591426 138.5958178214 75 0.9 0.9 -0.5
324.163206590763 0.318580545485165 0.0743089091289568 -0.510893030138052 340.605123360789 330.163206590763 76 0.1 0.1 -0.3
330.33031393473 0.797971551689121 0.0475458632938489 -0.318309042290877 346.772230704756 336.33031393473 77 0.3 0.1 -0.3
329.804842415969 0.337194133346042 0.0657018166991999 -0.396335526770707 346.246759185995 335.804842415969 78 0.5 0.1 -0.3
326.736463483342 0.621829191380334 0.0750081077980816 -0.365545948891754 343.178380253367 332.736463483342 79 0.7 0.1 -0.3
317.783886771459 0.9 0.0401483406195289 -0.9 334.225803541485 323.783886771459 80 0.9 0.1 -0.3
315.453931763701 0.102187076269184 0.106445918538904 -0.9 331.895848533727 321.453931763701 81 0.1 0.3 -0.3
277.60840366456 0.673937831284171 0.0929729694825183 -0.830106126126498 294.050320434586 283.60840366456 82 0.3 0.3 -0.3
254.848807640187 0.330376454048723 0.164550067695001 -0.876124281729341 271.290724410213 260.848807640187 83 0.5 0.3 -0.3
262.240724259888 0.673350059178941 0.117430805217527 -0.82404025483421 278.682641029914 268.240724259888 84 0.7 0.3 -0.3
257.719301830542 0.9 0.12090785345008 -0.810583393469403 274.161218600568 263.719301830542 85 0.9 0.3 -0.3
287.585603502795 0.299144624387365 0.114420693660053 -0.883798308958579 304.027520272821 293.585603502795 86 0.1 0.5 -0.3
255.079049852927 0.493297627057555 0.138673932530038 -0.851697989509473 271.520966622953 261.079049852927 87 0.3 0.5 -0.3
266.002424015945 0.367826721306693 0.162925516942789 -0.876373477324757 282.44434078597 272.002424015945 88 0.5 0.5 -0.3
233.741112573644 0.786828029522911 0.165270955535769 -0.785360133202551 250.18302934367 239.741112573644 89 0.7 0.5 -0.3
182.145873861331 0.65864061485481 0.240432189540077 -0.803695330276919 198.587790631357 188.145873861331 90 0.9 0.5 -0.3
251.545667929762 0.234201884057683 0.160023524269652 -0.891488596838444 267.987584699788 257.545667929762 91 0.1 0.7 -0.3
203.733699912129 0.290897662741719 0.241562502262357 -0.886882362632328 220.175616682155 209.733699912129 92 0.3 0.7 -0.3
117.375331860143 0.40945608959445 0.375037261625414 -0.876077535853316 133.817248630169 123.375331860143 93 0.5 0.7 -0.3
179.758364651658 0.598322715711879 0.260641660578306 -0.832131318135382 196.200281421684 185.758364651658 94 0.7 0.7 -0.3
161.066936131841 0.801680806320298 0.483803503357332 -0.427070157972571 177.508852901867 167.066936131841 95 0.9 0.7 -0.3
268.063293383267 0.0526135638888464 0.425013695653176 -0.9 284.505210153293 274.063293383267 96 0.1 0.9 -0.3
150.461639847877 0.224715872557935 0.359992755836501 -0.9 166.903556617903 156.461639847877 97 0.3 0.9 -0.3
150.360867904952 0.406943798113777 0.327178777396356 -0.870209969292308 166.802784674977 156.360867904952 98 0.5 0.9 -0.3
141.958892854096 0.774788310181964 0.530805690767379 -0.46608582583942 158.400809624122 147.958892854096 99 0.7 0.9 -0.3
135.10237674525 0.9 0.603846601112636 -0.459402228948513 151.544293515276 141.10237674525 100 0.9 0.9 -0.3
329.948489587425 0.52140140672916 0.0852191932769936 0.19770382369125 346.390406357451 335.948489587425 101 0.1 0.1 -0.1
332.416473561977 0.00201029212669022 0.567055821590883 -0.9 348.858390332003 338.416473561977 102 0.3 0.1 -0.1
324.780546390767 0.143713626581241 0.0757767899389526 -0.732415704191634 341.222463160793 330.780546390767 103 0.5 0.1 -0.1
328.798716132465 0.148163686398405 0.104194347669695 -0.347854594479094 345.240632902491 334.798716132465 104 0.7 0.1 -0.1
332.455240068611 0.00179035907611368 0.452376542421801 -0.9 348.897156838637 338.455240068611 105 0.9 0.1 -0.1
329.213516725892 0.703367968379431 0.0606976436326909 -0.334531712412151 345.655433495918 335.213516725892 106 0.1 0.3 -0.1
331.470140581897 0.144121930378787 0.0301325238079002 -0.65828368045014 347.912057351923 337.470140581897 107 0.3 0.3 -0.1
308.727506550587 0.183673600168397 0.0988654275415649 -0.893352494734823 325.169423320613 314.727506550587 108 0.5 0.3 -0.1
332.233775017943 0.00170831269463737 0.662419621709491 0.9 348.675691787969 338.233775017943 109 0.7 0.3 -0.1
327.12170262241 0.9 0.227011878180854 -0.0962003376086138 343.563619392436 333.12170262241 110 0.9 0.3 -0.1
332.354994909842 0.00402173701476774 0.218377088550002 -0.9 348.796911679868 338.354994909842 111 0.1 0.5 -0.1
313.815687414421 0.325944196552209 0.0611150329258091 -0.876757406169253 330.257604184447 319.815687414421 112 0.3 0.5 -0.1
321.703974302048 0.267190676460578 0.0628607823120963 -0.793292152644946 338.145891072074 327.703974302048 113 0.5 0.5 -0.1
300.977064977874 0.9 0.0618570113951479 -0.8240812076756 317.4189817479 306.977064977874 114 0.7 0.5 -0.1
311.994913785574 0.9 0.0535419530505581 -0.809870725576069 328.4368305556 317.994913785574 115 0.9 0.5 -0.1
313.914108086664 0.168481309740797 0.0939389140539616 -0.89440711925953 330.35602485669 319.914108086664 116 0.1 0.7 -0.1
305.387839196309 0.176334965508154 0.102738048011241 -0.894929485995708 321.829755966335 311.387839196309 117 0.3 0.7 -0.1
300.379025013161 0.583054814521398 0.0773700173970227 -0.848842225597311 316.820941783187 306.379025013161 118 0.5 0.7 -0.1
300.908999308 0.86934918076309 0.0715890952329144 -0.779230782683662 317.350916078026 306.908999308 119 0.7 0.7 -0.1
288.003262554103 0.849283123388571 0.0804638906852688 -0.811919578110566 304.445179324129 294.003262554103 120 0.9 0.7 -0.1
309.826342435203 0.0100921061944398 0.9 -0.9 326.268259205229 315.826342435203 121 0.1 0.9 -0.1
288.225176458734 0.145761959771012 0.14739506569466 -0.9 304.66709322876 294.225176458734 122 0.3 0.9 -0.1
281.45278460604 0.732683877261547 0.0934099012321778 -0.831638671763901 297.894701376066 287.45278460604 123 0.5 0.9 -0.1
279.529303116199 0.594223017993003 0.105986827768098 -0.837581771680444 295.971219886225 285.529303116199 124 0.7 0.9 -0.1
266.982455974926 0.9 0.105619571991899 -0.792348496414985 283.424372744952 272.982455974926 125 0.9 0.9 -0.1
332.113384826509 0.00209410567008385 0.465862172691659 -0.9 348.555301596534 338.113384826509 126 0.1 0.1 0.1
332.710556080667 0.00100400939855853 0.0010037109312197 -0.9 349.152472850693 338.710556080667 127 0.3 0.1 0.1
331.505703986886 0.516804703380252 0.0443956946771695 0.289710471035281 347.947620756912 337.505703986886 128 0.5 0.1 0.1
326.714684747168 0.138433958114358 0.0702986765949105 0.83017045076895 343.156601517194 332.714684747168 129 0.7 0.1 0.1
330.116629370457 0.9 0.0609748178916997 0.233643858683514 346.558546140483 336.116629370457 130 0.9 0.1 0.1
330.346085987068 0.00340748265964454 0.692261668436099 0.9 346.788002757094 336.346085987068 131 0.1 0.3 0.1
320.183174295156 0.599814414178443 0.0718076470907382 0.550043941143761 336.625091065182 326.183174295156 132 0.3 0.3 0.1
324.191302380015 0.00929463424749834 0.583245792116458 0.9 340.633219150041 330.191302380015 133 0.5 0.3 0.1
312.673569522105 0.560842832573043 0.105617601392226 0.444441209817403 329.115486292131 318.673569522105 134 0.7 0.3 0.1
323.826518156435 0.737645526646945 0.102339961156003 0.290031609268377 340.268434926461 329.826518156435 135 0.9 0.3 0.1
326.132836477044 0.9 0.0705523317517623 0.350026706091462 342.57475324707 332.132836477044 136 0.1 0.5 0.1
317.475345884062 0.562370605091814 0.118674444208555 0.424666129392962 333.917262654088 323.475345884062 137 0.3 0.5 0.1
312.104698921903 0.582366212217568 0.11932961236953 0.43705541304997 328.546615691929 318.104698921903 138 0.5 0.5 0.1
295.642087697135 0.408479456247491 0.136080472607872 0.529078085848775 312.084004467161 301.642087697135 139 0.7 0.5 0.1
310.994784764562 0.732620237918529 0.11736098629494 0.386697705019656 327.436701534588 316.994784764562 140 0.9 0.5 0.1
319.1204303957 0.0539435113362059 0.144981678469221 0.9 335.562347165726 325.1204303957 141 0.1 0.7 0.1
299.640880048892 0.153460142095892 0.136765654111892 0.9 316.082796818918 305.640880048892 142 0.3 0.7 0.1
290.138091442537 0.495735150976463 0.161122200771444 0.476944016461659 306.580008212563 296.138091442537 143 0.5 0.7 0.1
276.588629781415 0.604309299372987 0.174903160618864 0.505406332782143 293.030546551441 282.588629781415 144 0.7 0.7 0.1
288.265377235042 0.819546190645163 0.150807298527198 0.471487040861852 304.707294005068 294.265377235042 145 0.9 0.7 0.1
311.793412101032 0.18375590711189 0.0950405373238641 0.780522604113919 328.235328871058 317.793412101032 146 0.1 0.9 0.1
286.987639912678 0.320511341057756 0.149082775663173 0.626895446874249 303.429556682704 292.987639912678 147 0.3 0.9 0.1
274.85991704586 0.279516858930636 0.154072215448806 0.802146788538059 291.301833815886 280.85991704586 148 0.5 0.9 0.1
270.510724651412 0.9 0.147523747982002 0.573317017326887 286.952641421438 276.510724651412 149 0.7 0.9 0.1
278.04561301556 0.885986027683134 0.154945726817466 0.495542641954288 294.487529785586 284.04561301556 150 0.9 0.9 0.1
316.317398975501 0.9 0.0893905241857004 0.417055374441568 332.759315745527 322.317398975501 151 0.1 0.1 0.3
332.672735397524 0.144211922257744 0.00999758428147618 -0.338407439212429 349.11465216755 338.672735397524 152 0.3 0.1 0.3
318.736020582685 0.298465348013385 0.0907205260942291 0.568697980294602 335.177937352711 324.736020582685 153 0.5 0.1 0.3
326.34751236525 0.00434863586812164 0.826074730177832 0.9 342.789429135276 332.34751236525 154 0.7 0.1 0.3
317.088358640908 0.568592817611508 0.102155168488171 0.465647945400888 333.530275410933 323.088358640908 155 0.9 0.1 0.3
322.57430339555 0.247750618361176 0.0787836321143142 0.618920936224551 339.016220165576 328.57430339555 156 0.1 0.3 0.3
292.282030989578 0.215974825451905 0.11390738617781 0.779272792703934 308.723947759604 298.282030989578 157 0.3 0.3 0.3
283.996481091715 0.559820176095005 0.227736330500988 0.389080724358174 300.438397861741 289.996481091715 158 0.5 0.3 0.3
270.429999866649 0.784428500660261 0.215149528997121 0.400607853605649 286.871916636675 276.429999866649 159 0.7 0.3 0.3
256.257317518646 0.736885700868063 0.1812449571805 0.526429107669694 272.699234288672 262.257317518646 160 0.9 0.3 0.3
295.993316691928 0.163601466998722 0.113643175227123 0.9 312.435233461954 301.993316691928 161 0.1 0.5 0.3
275.213646866692 0.34643871092788 0.177653651995593 0.651115668595646 291.655563636718 281.213646866692 162 0.3 0.5 0.3
227.771225313876 0.614938137489948 0.28316794733778 0.478119761057585 244.213142083902 233.771225313876 163 0.5 0.5 0.3
220.995446886831 0.816919557085269 0.466673603927287 0.276772536607498 237.437363656857 226.995446886831 164 0.7 0.5 0.3
190.794836372556 0.9 0.526862255699036 0.30680307895303 207.236753142582 196.794836372556 165 0.9 0.5 0.3
288.136688813519 0.228915250690122 0.136224896618531 0.820893369873881 304.578605583545 294.136688813519 166 0.1 0.7 0.3
239.215490665291 0.289910573728058 0.188100135111152 0.893340741393363 255.657407435317 245.215490665291 167 0.3 0.7 0.3
198.642638563697 0.584448724550591 0.333461207659889 0.558566032798157 215.084555333723 204.642638563697 168 0.5 0.7 0.3
153.411388656339 0.734238885592425 0.351893837884009 0.616577993617022 169.853305426365 159.411388656339 169 0.7 0.7 0.3
139.033299947014 0.644735211871456 0.379233565642194 0.667178548149874 155.47521671704 145.033299947014 170 0.9 0.7 0.3
215.953294757926 0.106212495294219 0.344230584716032 0.9 232.395211527952 221.953294757926 171 0.1 0.9 0.3
185.381006770063 0.281370060714802 0.333334797336584 0.894808719149636 201.822923540089 191.381006770063 172 0.3 0.9 0.3
152.039378691113 0.424549681600527 0.289395913747879 0.9 168.481295461139 158.039378691113 173 0.5 0.9 0.3
140.642650555186 0.789155256605044 0.328550537635958 0.783688826432194 157.084567325212 146.642650555186 174 0.7 0.9 0.3
113.340950461167 0.782888259462405 0.420882076029013 0.679869546993799 129.782867231193 119.340950461167 175 0.9 0.9 0.3
326.276174223982 0.00482195689320968 0.9 0.9 342.718090994008 332.276174223982 176 0.1 0.1 0.5
309.745258401966 0.328364845333323 0.132036710963947 0.594976945031435 326.187175171992 315.745258401966 177 0.3 0.1 0.5
309.102644169235 0.288246454781667 0.107042057260773 0.614356583355419 325.544560939261 315.102644169235 178 0.5 0.1 0.5
307.879018808848 0.82599679683588 0.121134682051314 0.397164515653408 324.320935578874 313.879018808848 179 0.7 0.1 0.5
320.765553394682 0.9 0.0952253784196315 0.344392738015589 337.207470164708 326.765553394682 180 0.9 0.1 0.5
295.738649175909 0.0584983597519862 0.213896337502958 0.9 312.180565945935 301.738649175909 181 0.1 0.3 0.5
229.483496838819 0.437560249420685 0.247531629824902 0.579929092103414 245.925413608845 235.483496838819 182 0.3 0.3 0.5
267.13999397849 0.294581937058913 0.182758576247846 0.806876959315647 283.581910748516 273.13999397849 183 0.5 0.3 0.5
217.072497159826 0.69748698951268 0.368014291519033 0.368007502792377 233.514413929852 223.072497159826 184 0.7 0.3 0.5
190.443954588095 0.895793496244612 0.469040682690054 0.337652892899453 206.885871358121 196.443954588095 185 0.9 0.3 0.5
247.155550379715 0.252477773395554 0.20000716904578 0.9 263.597467149741 253.155550379715 186 0.1 0.5 0.5
184.081156485081 0.293376215030068 0.301835527869068 0.9 200.523073255107 190.081156485081 187 0.3 0.5 0.5
125.295682092587 0.538648885341924 0.356130470260337 0.879174947627824 141.737598862613 131.295682092587 188 0.5 0.5 0.5
140.166028092006 0.733834565593263 0.415178159778705 0.666073310360863 156.607944862032 146.166028092006 189 0.7 0.5 0.5
135.925366301008 0.824281176597732 0.378672824168241 0.610840766985012 152.367283071034 141.925366301008 190 0.9 0.5 0.5
198.3841754582 0.0702052300033639 0.478566442362019 0.9 214.826092228226 204.3841754582 191 0.1 0.7 0.5
172.822514860032 0.324003950351119 0.335149448650714 0.9 189.264431630058 178.822514860032 192 0.3 0.7 0.5
113.648953631378 0.47026556507391 0.436779903777948 0.9 130.090870401404 119.648953631378 193 0.5 0.7 0.5
115.553650923327 0.694354017712278 0.423060324266664 0.850306864558506 131.995567693353 121.553650923327 194 0.7 0.7 0.5
110.265089553825 0.9 0.586533900955422 0.54425463132283 126.707006323851 116.265089553825 195 0.9 0.7 0.5
184.919875547463 0.0963509812841593 0.554718660144491 0.9 201.361792317489 190.919875547463 196 0.1 0.9 0.5
101.731860300337 0.231460923281874 0.630530641562396 0.9 118.173777070363 107.731860300337 197 0.3 0.9 0.5
102.428982738387 0.522707123836743 0.433412288452246 0.9 118.870899508413 108.428982738387 198 0.5 0.9 0.5
87.7865693215142 0.641903555625556 0.47472797272024 0.859480952457685 104.22848609154 93.7865693215142 199 0.7 0.9 0.5
107.930489914184 0.9 0.646101179131033 0.805235859288415 124.37240668421 113.930489914184 200 0.9 0.9 0.5
328.076152036801 0.443821143157261 0.0745505942336358 0.318682366980969 344.518068806827 334.076152036801 201 0.1 0.1 0.7
311.169361336514 0.316692597020779 0.106032452488562 0.594844315994041 327.61127810654 317.169361336514 202 0.3 0.1 0.7
290.551789865029 0.9 0.345521582472828 0.177541650082593 306.993706635055 296.551789865029 203 0.5 0.1 0.7
314.51305749826 0.651286660187909 0.101409022314563 0.501618017561763 330.954974268286 320.51305749826 204 0.7 0.1 0.7
251.884001539572 0.9 0.283248975793713 0.327566213616461 268.325918309598 257.884001539572 205 0.9 0.1 0.7
268.119975978528 0.0232291576020728 0.9 0.9 284.561892748554 274.119975978528 206 0.1 0.3 0.7
242.990961593656 0.493383936696369 0.270474950423214 0.524736867279358 259.432878363682 248.990961593656 207 0.3 0.3 0.7
165.31866849478 0.623128245568996 0.348394469766749 0.622741345601832 181.760585264806 171.31866849478 208 0.5 0.3 0.7
133.918144314972 0.834723529977529 0.356575610804875 0.747764159433105 150.360061084998 139.918144314972 209 0.7 0.3 0.7
123.930347687198 0.9 0.591415671606639 0.461538561869283 140.372264457224 129.930347687198 210 0.9 0.3 0.7
224.305035412737 0.0836544166379025 0.397315382728076 0.9 240.746952182763 230.305035412737 211 0.1 0.5 0.7
125.05982953053 0.41171114547496 0.394054113931162 0.868185381243848 141.501746300556 131.05982953053 212 0.3 0.5 0.7
116.166368890173 0.458907263691726 0.403887388439831 0.9 132.608285660199 122.166368890173 213 0.5 0.5 0.7
135.469216183785 0.797431313364715 0.369631698533693 0.759645134136893 151.911132953811 141.469216183785 214 0.7 0.5 0.7
153.225375009932 0.9 0.650417184800914 0.479870830567333 169.667291779958 159.225375009932 215 0.9 0.5 0.7
168.077706069452 0.0497740686743879 0.9 0.9 184.519622839478 174.077706069452 216 0.1 0.7 0.7
101.95093424011 0.27932847649319 0.554665561023732 0.9 118.392851010136 107.95093424011 217 0.3 0.7 0.7
130.477718303552 0.503944764071632 0.462192396853209 0.9 146.919635073578 136.477718303552 218 0.5 0.7 0.7
83.1454680889656 0.695804041097677 0.592927948462586 0.9 99.5873848589915 89.1454680889656 219 0.7 0.7 0.7
102.325457513483 0.9 0.584005459117669 0.853974041874659 118.767374283509 108.325457513483 220 0.9 0.7 0.7
134.483505297633 0.185876216956048 0.486805646790322 0.836221033195638 150.925422067659 140.483505297633 221 0.1 0.9 0.7
88.6439280644355 0.2964126681648 0.737202672771984 0.877825931529319 105.085844834461 94.6439280644355 222 0.3 0.9 0.7
90.3026185881701 0.57088123043634 0.572681157283671 0.9 106.744535358196 96.3026185881701 223 0.5 0.9 0.7
77.5195061193834 0.825865845222335 0.9 0.9 93.9614228894093 83.5195061193834 224 0.7 0.9 0.7
115.329815508767 0.9 0.693156431936197 0.9 131.771732278793 121.329815508767 225 0.9 0.9 0.7
311.777809750807 0.670250333872431 0.230975595014794 0.201387382843942 328.219726520833 317.777809750807 226 0.1 0.1 0.9
300.924288532657 0.198902328029373 0.115642980942121 0.833846305680494 317.366205302683 306.924288532657 227 0.3 0.1 0.9
297.744990132474 0.336533521076298 0.149396471532396 0.690600459677502 314.1869069025 303.744990132474 228 0.5 0.1 0.9
275.981643500135 0.423974642283139 0.171826647340341 0.566358187935017 292.423560270161 281.981643500135 229 0.7 0.1 0.9
251.102395272919 0.804458305405943 0.270874160873271 0.384764654181695 267.544312042945 257.102395272919 230 0.9 0.1 0.9
199.293906499381 0.0486336769900835 0.610248792108249 0.9 215.735823269407 205.293906499381 231 0.1 0.3 0.9
168.507900031581 0.345781578192553 0.274779638700084 0.9 184.949816801607 174.507900031581 232 0.3 0.3 0.9
188.750312057478 0.528756607683757 0.314674735759325 0.736727203741867 205.192228827504 194.750312057478 233 0.5 0.3 0.9
135.637538776239 0.789095375763384 0.352595752871625 0.749273622749155 152.079455546265 141.637538776239 234 0.7 0.3 0.9
135.732406431042 0.809660675063813 0.354526098271805 0.810916322908281 152.174323201068 141.732406431042 235 0.9 0.3 0.9
199.317275470789 0.10679804740977 0.464352425338218 0.9 215.759192240815 205.317275470789 236 0.1 0.5 0.9
113.766019638306 0.310048132834573 0.522744660300233 0.9 130.207936408332 119.766019638306 237 0.3 0.5 0.9
76.4715694462118 0.582267891263458 0.618439110827098 0.840493156887009 92.9134862162378 82.4715694462118 238 0.5 0.5 0.9
99.6613979158138 0.821654495881231 0.73198179740946 0.9 116.10331468584 105.661397915814 239 0.7 0.5 0.9
122.418910405916 0.846499524881183 0.469998104579538 0.867401822552595 138.860827175942 128.418910405916 240 0.9 0.5 0.9
141.063995234363 0.086445448505277 0.9 0.9 157.505912004389 147.063995234363 241 0.1 0.7 0.9
89.5847874588415 0.314954448813555 0.897629869007667 0.699490562365808 106.026704228868 95.5847874588415 242 0.3 0.7 0.9
58.8417753556085 0.516675207302801 0.666669949063046 0.9 75.2836921256344 64.8417753556085 243 0.5 0.7 0.9
57.8583245497019 0.802132596685756 0.9 0.9 74.3002413197278 63.8583245497019 244 0.7 0.7 0.9
117.860427097239 0.9 0.740613935010476 0.9 134.302343867265 123.860427097239 245 0.9 0.7 0.9
154.434769798911 0.11234240981066 0.810294644629179 0.9 170.876686568937 160.434769798911 246 0.1 0.9 0.9
84.7883884120321 0.402229476142999 0.624569489298216 0.9 101.230305182058 90.7883884120321 247 0.3 0.9 0.9
67.2279254782122 0.406144169621029 0.823443486137377 0.9 83.6698422482382 73.2279254782122 248 0.5 0.9 0.9
73.6949687058703 0.705006226989663 0.9 0.9 90.1368854758962 79.6949687058703 249 0.7 0.9 0.9
89.8439174382228 0.9 0.662585087185859 0.9 106.285834208249 95.8439174382228 250 0.9 0.9 0.9
