304.20284595826 0.129841872745987 0.001 0.207465281405285 320.644762728286 310.20284595826 1 0.1 0.1 0.1
300.831879771502 0.433461606084937 0.0821455112381762 0.0853770314384447 317.273796541528 306.831879771502 2 0.3 0.1 0.1
303.095267388201 0.9 0.215909455775734 0.0609389216594498 319.537184158227 309.095267388201 3 0.5 0.1 0.1
255.228687924066 0.114752550312894 0.0878845609443771 0.247025903171441 271.670604694092 261.228687924066 4 0.7 0.1 0.1
303.857951874631 0.00686421459398338 0.0823856485858477 0.221071073367796 320.299868644657 309.857951874631 5 0.9 0.1 0.1
301.287489607966 0.0581164849871192 0.201631071150458 0.118474251545841 317.729406377992 307.287489607966 6 0.1 0.3 0.1
297.069470316205 0.645415848016581 0.272469228554493 0.070113763042542 313.511387086231 303.069470316205 7 0.3 0.3 0.1
285.605772429966 0.836336162859312 0.317431681130746 0.076214370369812 302.047689199992 291.605772429966 8 0.5 0.3 0.1
284.799805475453 0.001 0.109700443095123 0.257845003157568 301.241722245479 290.799805475453 9 0.7 0.3 0.1
288.140492323799 0.231664406035728 0.17608161516472 0.136802827256761 304.582409093825 294.140492323799 10 0.9 0.3 0.1
311.668410575283 0.22698350262862 0.638223749720023 0.0694765373527902 328.110327345309 317.668410575283 11 0.1 0.5 0.1
288.313159709073 0.393895413118096 0.208312157090001 0.104119783219279 304.755076479099 294.313159709073 12 0.3 0.5 0.1
283.883847608147 0.685696643117733 0.294290636825123 0.0799409208816473 300.325764378173 289.883847608147 13 0.5 0.5 0.1
269.255255388643 0.0403265897901452 0.193697342876524 0.222296120811 285.697172158669 275.255255388643 14 0.7 0.5 0.1
245.174190767168 0.243020939486004 0.288221922247099 0.156258585308378 261.616107537194 251.174190767168 15 0.9 0.5 0.1
285.599690521539 0.259019998732463 0.478777754907999 0.106738384059432 302.041607291565 291.599690521539 16 0.1 0.7 0.1
311.934184620849 0.00462911585206886 0.0118542045318781 0.9 328.376101390875 317.934184620849 17 0.3 0.7 0.1
291.325783740695 0.9 0.9 0.0614593109990906 307.767700510721 297.325783740695 18 0.5 0.7 0.1
253.557781879847 0.9 0.36619160571333 0.10214506473356 269.999698649873 259.557781879847 19 0.7 0.7 0.1
261.132453501687 0.9 0.648587111696164 0.0967334535422145 277.574370271712 267.132453501687 20 0.9 0.7 0.1
288.720730766257 0.188017027153561 0.870928047134419 0.0832697261193501 305.162647536283 294.720730766257 21 0.1 0.9 0.1
302.004362796631 0.780700247292997 0.803407619159974 0.0554133754054047 318.446279566657 308.004362796631 22 0.3 0.9 0.1
314.660353082649 0.517711599793487 0.9 0.0433169059344132 331.102269852675 320.660353082649 23 0.5 0.9 0.1
273.212604411441 0.9 0.666251258849932 0.088976457816741 289.654521181467 279.212604411441 24 0.7 0.9 0.1
292.390527737093 0.9 0.544230131371062 0.0703034728546446 308.832444507119 298.390527737093 25 0.9 0.9 0.1
207.038844426761 0.382038915087736 0.0731502588894467 0.254388964070438 223.480761196787 213.038844426761 26 0.1 0.1 0.3
156.80985480858 0.10202459426944 0.104864808614957 0.539928950023784 173.251771578606 162.80985480858 27 0.3 0.1 0.3
139.616560603449 0.105574136707895 0.0496513899816175 0.820240579261756 156.058477373475 145.616560603449 28 0.5 0.1 0.3
106.165251292597 0.136144806038331 0.0653813949093718 0.9 122.607168062623 112.165251292597 29 0.7 0.1 0.3
113.870508631464 0.0628055224824206 0.0966034987208071 0.9 130.31242540149 119.870508631464 30 0.9 0.1 0.3
208.584677453684 0.142024907159741 0.140536599093236 0.304693401619387 225.02659422371 214.584677453684 31 0.1 0.3 0.3
194.999408189332 0.0868072942842801 0.100205739877437 0.580201474527875 211.441324959358 200.999408189332 32 0.3 0.3 0.3
152.399204133217 0.141322236356844 0.131519483241415 0.510441864986537 168.841120903243 158.399204133217 33 0.5 0.3 0.3
107.673528159186 0.36007413410345 0.261894406184051 0.559824242446088 124.115444929212 113.673528159186 34 0.7 0.3 0.3
185.875058774842 0.001 0.0908196966280303 0.854996935545892 202.316975544867 191.875058774842 35 0.9 0.3 0.3
275.546116735687 0.183903799080674 0.583082699571239 0.145268694430169 291.988033505713 281.546116735687 36 0.1 0.5 0.3
171.084090478755 0.392305721980145 0.326353734577074 0.285907664032679 187.526007248781 177.084090478755 37 0.3 0.5 0.3
131.260019001617 0.576879853736327 0.270376489689002 0.260775256101608 147.701935771643 137.260019001617 38 0.5 0.5 0.3
179.308204222353 0.9 0.375460896490534 0.174842413730877 195.750120992379 185.308204222353 39 0.7 0.5 0.3
198.984372030633 0.128507505874714 0.0908699319492712 0.58036254677009 215.426288800659 204.984372030633 40 0.9 0.5 0.3
252.673206112544 0.179943250048922 0.867689629671437 0.125413687330405 269.11512288257 258.673206112544 41 0.1 0.7 0.3
196.51377761299 0.660243774037779 0.674585668053105 0.165087043969575 212.955694383016 202.51377761299 42 0.3 0.7 0.3
208.723927266256 0.861375646066319 0.769315814895943 0.141566836491219 225.165844036282 214.723927266256 43 0.5 0.7 0.3
195.708007301221 0.229135690037375 0.257887557651374 0.30021900264255 212.149924071247 201.708007301221 44 0.7 0.7 0.3
196.711549486398 0.160997399672892 0.297565436593299 0.280901448999472 213.153466256424 202.711549486398 45 0.9 0.7 0.3
294.651351126636 0.00671829030308014 0.9 0.0963233328426047 311.093267896662 300.651351126636 46 0.1 0.9 0.3
293.645515617144 0.9 0.400470474576522 0.0651712641336684 310.08743238717 299.645515617144 47 0.3 0.9 0.3
252.866462443058 0.9 0.862545527560771 0.104201246079324 269.308379213084 258.866462443058 48 0.5 0.9 0.3
281.775582798033 0.397412062725184 0.569053872811704 0.0976126609468443 298.217499568059 287.775582798033 49 0.7 0.9 0.3
264.039886718842 0.0207679818926494 0.354739013402451 0.214808067461824 280.481803488868 270.039886718842 50 0.9 0.9 0.3
145.76451659511 0.145382183756834 0.110631587003825 0.654752515668605 162.206433365136 151.76451659511 51 0.1 0.1 0.5
74.5284167727624 0.001 0.11325772595482 0.9 90.9703335427884 80.5284167727624 52 0.3 0.1 0.5
63.521986371021 0.264514234824194 0.0829341175453003 0.9 79.963903141047 69.521986371021 53 0.5 0.1 0.5
100.599893945798 0.156977117605047 0.0905845184867391 0.9 117.041810715824 106.599893945798 54 0.7 0.1 0.5
48.8605398879445 0.9 0.119270962213708 0.9 65.3024566579705 54.8605398879445 55 0.9 0.1 0.5
204.60931906676 0.0653906195656811 0.248953361146143 0.39047300629367 221.051235836786 210.60931906676 56 0.1 0.3 0.5
79.9086048446619 0.0490480848901301 0.152151171362709 0.872079832319377 96.3505216146878 85.9086048446619 57 0.3 0.3 0.5
121.590929471702 0.591531795893687 0.0938386762644777 0.531825578524033 138.032846241728 127.590929471702 58 0.5 0.3 0.5
101.639625128525 0.0414839163121008 0.108586850336325 0.9 118.081541898551 107.639625128525 59 0.7 0.3 0.5
47.9217317375826 0.001 0.146660112208146 0.9 64.3636485076086 53.9217317375826 60 0.9 0.3 0.5
232.124987647969 0.0682120730088242 0.0724187572431896 0.422494742640822 248.566904417995 238.124987647969 61 0.1 0.5 0.5
160.051785562515 0.115666009204699 0.178661624692103 0.40552925375745 176.493702332541 166.051785562515 62 0.3 0.5 0.5
121.666970544765 0.877814311184018 0.366175830962188 0.238083245627048 138.108887314791 127.666970544765 63 0.5 0.5 0.5
146.319376903747 0.9 0.280140527690343 0.279177855381391 162.761293673773 152.319376903747 64 0.7 0.5 0.5
143.402976925347 0.0820912507966732 0.101580174662379 0.9 159.844893695373 149.402976925347 65 0.9 0.5 0.5
242.059023211389 0.0665782144985694 0.70903426485341 0.176975323925868 258.500939981415 248.059023211389 66 0.1 0.7 0.5
202.468303725087 0.829452191689881 0.851538879108385 0.151198275401593 218.910220495113 208.468303725087 67 0.3 0.7 0.5
164.568508637243 0.9 0.598765601827901 0.183997681643844 181.010425407269 170.568508637243 68 0.5 0.7 0.5
148.714028414529 0.723222789494902 0.386711866306369 0.245954120453728 165.155945184555 154.714028414529 69 0.7 0.7 0.5
150.370163246761 0.0568688943753852 0.0581200415632812 0.9 166.812080016787 156.370163246761 70 0.9 0.7 0.5
332.715647440289 0.001 0.001 0.001 349.157564210315 338.715647440289 71 0.1 0.9 0.5
255.185067584906 0.713209828249308 0.851860404451857 0.0991388776450241 271.626984354932 261.185067584906 72 0.3 0.9 0.5
225.632436264721 0.611405459297165 0.777005597599046 0.113299948544091 242.074353034747 231.632436264721 73 0.5 0.9 0.5
197.991851101454 0.9 0.518696639471865 0.131943343668631 214.43376787148 203.991851101454 74 0.7 0.9 0.5
228.218871426772 0.0884796124438358 0.249106003566393 0.267149879264804 244.660788196798 234.218871426772 75 0.9 0.9 0.5
90.5140053355889 0.435623168922459 0.138814804168217 0.549545683929674 106.955922105615 96.5140053355889 76 0.1 0.1 0.7
123.205938992664 0.210465782401017 0.084859383046148 0.9 139.64785576269 129.205938992664 77 0.3 0.1 0.7
57.399407427145 0.0500992291222314 0.125144290083003 0.9 73.8413241971709 63.399407427145 78 0.5 0.1 0.7
74.9606207303022 0.08999656428338 0.120412776001491 0.9 91.4025375003282 80.9606207303022 79 0.7 0.1 0.7
47.5231393333282 0.447505044163251 0.138466066737438 0.9 63.9650561033542 53.5231393333282 80 0.9 0.1 0.7
143.716711044736 0.287578705487569 0.439627036713988 0.332872964651578 160.158627814762 149.716711044736 81 0.1 0.3 0.7
122.609864909315 0.117609594649871 0.0853671884157467 0.9 139.051781679341 128.609864909315 82 0.3 0.3 0.7
61.1441805302855 0.284522411551071 0.107690436652226 0.9 77.5860973003114 67.1441805302855 83 0.5 0.3 0.7
66.7198617767475 0.419387589513805 0.111461663158694 0.9 83.1617785467735 72.7198617767475 84 0.7 0.3 0.7
65.1670449624076 0.9 0.0959853327282953 0.9 81.6089617324336 71.1670449624076 85 0.9 0.3 0.7
214.682344236523 0.328532302351925 0.674606377652176 0.186614896992101 231.124261006549 220.682344236523 86 0.1 0.5 0.7
163.043306468399 0.618183180878396 0.446230380360605 0.220905034271324 179.485223238425 169.043306468399 87 0.3 0.5 0.7
106.309573314732 0.869497382421881 0.279052569704643 0.34051832534297 122.751490084758 112.309573314732 88 0.5 0.5 0.7
60.0352908486887 0.195938081800578 0.118881621200945 0.9 76.4772076187146 66.0352908486887 89 0.7 0.5 0.7
117.816262885827 0.0944343609733599 0.106061828270322 0.9 134.258179655853 123.816262885827 90 0.9 0.5 0.7
287.149866986773 0.0158242262556139 0.743406732350399 0.145370441645609 303.591783756799 293.149866986773 91 0.1 0.7 0.7
235.12808132599 0.675876470085637 0.74025522116798 0.133481346405552 251.569998096016 241.12808132599 92 0.3 0.7 0.7
156.567561884223 0.751202267416958 0.497516137249314 0.213507872188312 173.009478654249 162.567561884223 93 0.5 0.7 0.7
185.842626632486 0.600390842896955 0.323496886913866 0.263688463412967 202.284543402512 191.842626632486 94 0.7 0.7 0.7
168.562339287033 0.267498932504945 0.123103029102972 0.49295268008841 185.004256057059 174.562339287033 95 0.9 0.7 0.7
332.717247877039 0.001 0.001 0.001 349.159164647065 338.717247877039 96 0.1 0.9 0.7
264.958717623873 0.77635795713461 0.9 0.0901311961487526 281.400634393899 270.958717623873 97 0.3 0.9 0.7
245.49050049532 0.765891703613771 0.9 0.105053677530576 261.932417265346 251.49050049532 98 0.5 0.9 0.7
216.630975050991 0.593581325547083 0.281270191274506 0.160298552841837 233.072891821017 222.630975050991 99 0.7 0.9 0.7
211.153040899297 0.9 0.587612374012062 0.152881662940041 227.594957669323 217.153040899297 100 0.9 0.9 0.7
146.050892909566 0.0387500798239 0.0843778886861741 0.9 162.492809679592 152.050892909566 101 0.1 0.1 0.9
102.841415678603 0.34634142940257 0.0721554725953763 0.9 119.283332448629 108.841415678603 102 0.3 0.1 0.9
75.2519147147249 0.105280876020525 0.125232469885021 0.9 91.6938314847508 81.2519147147249 103 0.5 0.1 0.9
135.333090333701 0.001 0.079464339718223 0.9 151.775007103727 141.333090333701 104 0.7 0.1 0.9
65.2563131908974 0.0607181146475569 0.0943566371779805 0.9 81.6982299609233 71.2563131908974 105 0.9 0.1 0.9
204.696359400774 0.0781748443775903 0.245537770584996 0.449950948725907 221.1382761708 210.696359400774 106 0.1 0.3 0.9
164.93494993864 0.0191753904822892 0.122045181759911 0.7205400830752 181.376866708666 170.93494993864 107 0.3 0.3 0.9
47.5538452240907 0.53587143996853 0.168164417282019 0.9 63.9957619941167 53.5538452240907 108 0.5 0.3 0.9
83.9095869701434 0.19845860465305 0.0927405735732101 0.9 100.351503740169 89.9095869701434 109 0.7 0.3 0.9
41.6312992837313 0.469441533293411 0.161960929999716 0.763303344633362 58.0732160537572 47.6312992837313 110 0.9 0.3 0.9
243.46418848522 0.6389869249664 0.8376576244548 0.115994595881618 259.906105255246 249.46418848522 111 0.1 0.5 0.9
137.755778481712 0.388141083198687 0.316353844873851 0.395640167559313 154.197695251738 143.755778481712 112 0.3 0.5 0.9
120.268274032974 0.0919218819431374 0.0816703800591858 0.9 136.710190803 126.268274032974 113 0.5 0.5 0.9
56.3378344867685 0.354544157971232 0.213807096544664 0.694789398567236 72.7797512567944 62.3378344867685 114 0.7 0.5 0.9
75.0122555670219 0.00465405619004111 0.131229160648666 0.9 91.4541723370479 81.0122555670219 115 0.9 0.5 0.9
271.716533474903 0.001 0.9 0.160785513068653 288.158450244929 277.716533474903 116 0.1 0.7 0.9
219.065454373208 0.717117247318051 0.861922713494565 0.138586950830398 235.507371143234 225.065454373208 117 0.3 0.7 0.9
130.596167284083 0.795490033982872 0.538897288612886 0.24664654430955 147.038084054109 136.596167284083 118 0.5 0.7 0.9
149.040525358386 0.644157405623371 0.435407314699981 0.292403511622746 165.482442128412 155.040525358386 119 0.7 0.7 0.9
106.079424362766 0.14770069299855 0.13481441774412 0.635389395685973 122.521341132792 112.079424362766 120 0.9 0.7 0.9
332.717115987407 0.001 0.001 0.001 349.159032757433 338.717115987407 121 0.1 0.9 0.9
259.248890207116 0.730868808530782 0.894109514625502 0.0889019878109575 275.690806977142 265.248890207116 122 0.3 0.9 0.9
253.874484684475 0.9 0.874445026744715 0.0989541389992421 270.316401454501 259.874484684475 123 0.5 0.9 0.9
204.76849953864 0.9 0.87510519866649 0.133049312863288 221.210416308666 210.76849953864 124 0.7 0.9 0.9
196.850590206237 0.595260383848551 0.476200768015546 0.165809420472099 213.292506976263 202.850590206237 125 0.9 0.9 0.9
