155.040154982306 0.00267242785258111 0.0126204564869575 0.9 169.402630210652 161.040154982306 1 0.1 0.1 0.1
137.006612052568 0.373392037312243 0.18963282567924 0.120895572426185 151.369087280914 143.006612052568 2 0.3 0.1 0.1
130.631677487002 0.616806402966914 0.001 0.137400915109829 144.994152715348 136.631677487002 3 0.5 0.1 0.1
148.551636016829 0.406004057952482 0.0331387992872757 0.0928064230973524 162.914111245175 154.551636016829 4 0.7 0.1 0.1
152.305065219394 0.001 0.173896998688644 0.145197877536646 166.667540447741 158.305065219394 5 0.9 0.1 0.1
119.773923506694 0.795421649799337 0.40853961244814 0.106060930806872 134.13639873504 125.773923506694 6 0.1 0.3 0.1
148.973289843828 0.0329625934527489 0.24434235353587 0.118549300978397 163.335765072174 154.973289843828 7 0.3 0.3 0.1
126.617493543826 0.433872629296602 0.0430443467415683 0.166025720446353 140.979968772172 132.617493543826 8 0.5 0.3 0.1
123.624399300925 0.9 0.369919093427776 0.096147609286016 137.986874529271 129.624399300925 9 0.7 0.3 0.1
125.831926796863 0.321072322471345 0.143156044318782 0.211860573125796 140.194402025209 131.831926796863 10 0.9 0.3 0.1
151.877328734695 0.787904232867394 0.194754148231359 0.0558908231081209 166.239803963041 157.877328734695 11 0.1 0.5 0.1
145.77619451595 0.337340831795934 0.470186163545318 0.0975883302577263 160.138669744296 151.77619451595 12 0.3 0.5 0.1
150.610075507227 0.0346613652012536 0.001 0.9 164.972550735573 156.610075507227 13 0.5 0.5 0.1
126.991607376606 0.00445839756513759 0.245267577179892 0.242576953446091 141.354082604952 132.991607376606 14 0.7 0.5 0.1
128.257279367165 0.0533246837417616 0.015986475428073 0.9 142.619754595511 134.257279367165 15 0.9 0.5 0.1
157.599542786729 0.0177964908842448 0.001 0.9 171.962018015075 163.599542786729 16 0.1 0.7 0.1
148.730260173084 0.502305033966193 0.382773522055309 0.0820100542510786 163.09273540143 154.730260173084 17 0.3 0.7 0.1
146.1078734842 0.532335033916276 0.722877562082595 0.0690545288777251 160.470348712547 152.1078734842 18 0.5 0.7 0.1
135.46781062 0.0773674742305739 0.338570228445022 0.165549916572009 149.830285848346 141.46781062 19 0.7 0.7 0.1
138.481432748113 0.9 0.496822981593784 0.0832785188559305 152.843907976459 144.481432748113 20 0.9 0.7 0.1
156.697679539132 0.113277090812189 0.87769978727913 0.0602679968073764 171.060154767478 162.697679539132 21 0.1 0.9 0.1
123.312947240446 0.0147168216575855 0.0767804588844035 0.533515043552715 137.675422468792 129.312947240446 22 0.3 0.9 0.1
155.640582864515 0.9 0.001 0.0684970534689326 170.003058092861 161.640582864515 23 0.5 0.9 0.1
129.85016794689 0.75449200485902 0.634197811120511 0.0968063217147705 144.212643175236 135.85016794689 24 0.7 0.9 0.1
147.609163134979 0.001 0.267418832672455 0.161428999667119 161.971638363325 153.609163134979 25 0.9 0.9 0.1
100.038394142644 0.0553548137326419 0.057611110833177 0.9 114.40086937099 106.038394142644 26 0.1 0.1 0.3
62.0241390240019 0.136719797782711 0.0664762074709243 0.787593375283879 76.386614252348 68.0241390240019 27 0.3 0.1 0.3
44.0348799779885 0.13053169568693 0.178547331797715 0.595212731965077 58.3973552063346 50.0348799779885 28 0.5 0.1 0.3
56.2719458682261 0.001 0.163517482898034 0.727323849873887 70.6344210965723 62.2719458682261 29 0.7 0.1 0.3
48.1023512165131 0.9 0.0748207386778093 0.9 62.4648264448593 54.1023512165131 30 0.9 0.1 0.3
101.619239018028 0.254413963918864 0.322686416402356 0.26009968615388 115.981714246374 107.619239018028 31 0.1 0.3 0.3
59.1258205340839 0.293648983611393 0.227476750978386 0.472571922693015 73.4882957624301 65.1258205340839 32 0.3 0.3 0.3
61.9044446480099 0.740430690743236 0.0637870214101747 0.306507819073474 76.266919876356 67.9044446480099 33 0.5 0.3 0.3
52.9711309241686 0.9 0.0615898678024539 0.9 67.3336061525147 58.9711309241686 34 0.7 0.3 0.3
52.2253554879823 0.001 0.101079688717406 0.9 66.5878307163285 58.2253554879823 35 0.9 0.3 0.3
125.364705644262 0.267123536017378 0.46993021152861 0.13671203933999 139.727180872608 131.364705644262 36 0.1 0.5 0.3
131.800114593162 0.17223456767775 0.0318495235691665 0.301068031279029 146.162589821508 137.800114593162 37 0.3 0.5 0.3
90.828566283262 0.111402207963696 0.494208068187763 0.290724455112294 105.191041511608 96.828566283262 38 0.5 0.5 0.3
84.5229212847408 0.181161955288598 0.14401591595189 0.47524941056723 98.8853965130869 90.5229212847408 39 0.7 0.5 0.3
62.6373029379992 0.521201425327414 0.363781821960877 0.368198126855952 76.9997781663454 68.6373029379992 40 0.9 0.5 0.3
123.316951880643 0.13997120402636 0.473227665388695 0.159894570604924 137.679427108989 129.316951880643 41 0.1 0.7 0.3
123.202464953682 0.001 0.294921626928389 0.282545545829779 137.564940182028 129.202464953682 42 0.3 0.7 0.3
121.45529732477 0.111063831091553 0.20947239976639 0.208862339744207 135.817772553116 127.45529732477 43 0.5 0.7 0.3
108.788660362441 0.9 0.631215761949226 0.140101950487459 123.151135590787 114.788660362441 44 0.7 0.7 0.3
65.3566223271133 0.9 0.374182505571979 0.296338264468142 79.7190975554595 71.3566223271133 45 0.9 0.7 0.3
139.935947268564 0.001 0.433991624088527 0.222032041807868 154.29842249691 145.935947268564 46 0.1 0.9 0.3
161.729966281079 0.709017719348283 0.001 0.0493562386745878 176.092441509426 167.729966281079 47 0.3 0.9 0.3
126.552663007901 0.9 0.622478955485307 0.0954695827255238 140.915138236247 132.552663007901 48 0.5 0.9 0.3
117.815839590235 0.815882467992186 0.530368643240876 0.10501287992294 132.178314818582 123.815839590235 49 0.7 0.9 0.3
99.1626356013366 0.801782089670304 0.434796714708551 0.136589661965415 113.525110829683 105.162635601337 50 0.9 0.9 0.3
71.4959412633759 0.158467509468671 0.0230496021774865 0.9 85.858416491722 77.4959412633759 51 0.1 0.1 0.5
41.1342460510912 0.0769503187744814 0.106767772832818 0.9 55.4967212794373 47.1342460510912 52 0.3 0.1 0.5
25.2350522947359 0.377317292312095 0.0600920740465302 0.9 39.597527523082 31.2350522947359 53 0.5 0.1 0.5
36.9421563626629 0.001 0.113030329880053 0.9 51.3046315910091 42.9421563626629 54 0.7 0.1 0.5
22.2496367211659 0.9 0.0939755624869292 0.9 36.6121119495121 28.2496367211659 55 0.9 0.1 0.5
101.114076311706 0.0421785391946863 0.0511633476994074 0.9 115.476551540052 107.114076311706 56 0.1 0.3 0.5
96.5388718921706 0.354856865399842 0.30448462807489 0.280597515745622 110.901347120517 102.538871892171 57 0.3 0.3 0.5
48.1930938160165 0.397811993108678 0.167196313677301 0.614170402373327 62.5555690443626 54.1930938160165 58 0.5 0.3 0.5
42.8392851961571 0.001 0.111854577452332 0.9 57.2017604245032 48.8392851961571 59 0.7 0.3 0.5
46.3033477370504 0.00937167854029499 0.110870627863536 0.9 60.6658229653966 52.3033477370504 60 0.9 0.3 0.5
146.063305744404 0.00873244268042213 0.0119664393075936 0.9 160.42578097275 152.063305744404 61 0.1 0.5 0.5
60.8330676264498 0.112534297833755 0.24622905998334 0.660002199458357 75.1955428547959 66.8330676264498 62 0.3 0.5 0.5
54.5195665956759 0.001 0.06829839694345 0.9 68.8820418240221 60.5195665956759 63 0.5 0.5 0.5
41.1193967543415 0.176660737226546 0.0666453398681223 0.9 55.4818719826876 47.1193967543415 64 0.7 0.5 0.5
56.2308653291893 0.001 0.111242166308546 0.9 70.5933405575355 62.2308653291893 65 0.9 0.5 0.5
145.335495003863 0.001 0.9 0.0963506411961109 159.697970232209 151.335495003863 66 0.1 0.7 0.5
130.635904992128 0.9 0.599238360444043 0.0852015875357678 144.998380220474 136.635904992128 67 0.3 0.7 0.5
101.177760094332 0.9 0.9 0.161294608647996 115.540235322678 107.177760094332 68 0.5 0.7 0.5
61.5547031420977 0.9 0.667567984632129 0.251993434669624 75.9171783704438 67.5547031420977 69 0.7 0.7 0.5
56.3995247856401 0.9 0.452289189028937 0.272983035830719 70.7620000139862 62.3995247856401 70 0.9 0.7 0.5
166.357348619442 0.001 0.001 0.001 180.719823847788 172.357348619442 71 0.1 0.9 0.5
149.901065135682 0.001 0.106687248511631 0.218839738372458 164.263540364028 155.901065135682 72 0.3 0.9 0.5
131.41413515525 0.826249776074988 0.766434719765396 0.0902849283212015 145.776610383596 137.41413515525 73 0.5 0.9 0.5
132.270751099127 0.001 0.528775972288191 0.193986319324739 146.633226327473 138.270751099127 74 0.7 0.9 0.5
125.611439291194 0.0778740097284475 0.590361540146723 0.181695682258463 139.973914519541 131.611439291194 75 0.9 0.9 0.5
50.4480520312911 0.154219623696023 0.109322768210694 0.788520178585496 64.8105272596372 56.4480520312911 76 0.1 0.1 0.7
30.7907433968428 0.140146976401552 0.112209774879782 0.9 45.153218625189 36.7907433968428 77 0.3 0.1 0.7
25.4980183829976 0.260619247252288 0.122697584474423 0.9 39.8604936113437 31.4980183829976 78 0.5 0.1 0.7
22.4462856368307 0.9 0.114445853908433 0.9 36.8087608651768 28.4462856368307 79 0.7 0.1 0.7
33.2982513984062 0.9 0.0975581725670992 0.9 47.6607266267524 39.2982513984062 80 0.9 0.1 0.7
85.6154244113706 0.688495323654726 0.566783380566065 0.185994801240136 99.9778996397168 91.6154244113706 81 0.1 0.3 0.7
42.5748906759883 0.270620983419602 0.29675176246103 0.667532840321132 56.9373659043345 48.5748906759883 82 0.3 0.3 0.7
27.9699636117973 0.9 0.132391285120765 0.9 42.3324388401435 33.9699636117973 83 0.5 0.3 0.7
69.182616753507 0.0560191542845826 0.0951809309149646 0.786786077800404 83.5450919818531 75.182616753507 84 0.7 0.3 0.7
11.200090556841 0.9 0.001 0.9 25.5625657851872 17.200090556841 85 0.9 0.3 0.7
111.27653061228 0.239623243960772 0.551442656982665 0.198116555024035 125.639005840626 117.27653061228 86 0.1 0.5 0.7
98.2136772018509 0.493550901987579 0.856530256640358 0.210579972249913 112.576152430197 104.213677201851 87 0.3 0.5 0.7
60.8740212543865 0.852589936338837 0.6002844344254 0.289393498888275 75.2364964827326 66.8740212543865 88 0.5 0.5 0.7
51.6388242190867 0.046509970887592 0.11285794941614 0.871653044877846 66.0012994474329 57.6388242190867 89 0.7 0.5 0.7
63.7514302147865 0.0371540368253912 0.119405150834493 0.9 78.1139054431327 69.7514302147865 90 0.9 0.5 0.7
111.497881084716 0.010584821501346 0.584041956707083 0.244028352981379 125.860356313062 117.497881084716 91 0.1 0.7 0.7
72.7935192155244 0.488135184126187 0.637929509288299 0.269649892277163 87.1559944438706 78.7935192155244 92 0.3 0.7 0.7
90.6807772947856 0.183621529087719 0.594067428503477 0.272284859768841 105.043252523132 96.6807772947856 93 0.5 0.7 0.7
34.1541079163748 0.168776460180958 0.108422516531459 0.9 48.516583144721 40.1541079163748 94 0.7 0.7 0.7
107.93168124164 0.0647605396516185 0.136124219738464 0.549563287490675 122.294156469986 113.93168124164 95 0.9 0.7 0.7
166.358363749802 0.001 0.001 0.001 180.720838978148 172.358363749802 96 0.1 0.9 0.7
166.357462914175 0.001 0.001 0.001 180.719938142522 172.357462914175 97 0.3 0.9 0.7
137.198882649931 0.703957618652175 0.689022290070309 0.106965107271256 151.561357878277 143.198882649931 98 0.5 0.9 0.7
75.3421074453556 0.758648558309147 0.868936440358032 0.190660079896261 89.7045826737017 81.3421074453556 99 0.7 0.9 0.7
94.0675658351339 0.202521720161721 0.212173988985257 0.306394461833551 108.43004106348 100.067565835134 100 0.9 0.9 0.7
53.1320146335835 0.260455045995569 0.108819523569956 0.783931074365889 67.4944898619296 59.1320146335835 101 0.1 0.1 0.9
38.3112947820942 0.9 0.114749535182012 0.9 52.6737700104403 44.3112947820942 102 0.3 0.1 0.9
32.196586165725 0.285154615314598 0.150732634633793 0.9 46.5590613940712 38.196586165725 103 0.5 0.1 0.9
11.701799266841 0.9 0.175101300161194 0.9 26.0642744951872 17.701799266841 104 0.7 0.1 0.9
30.499857643757 0.001 0.14358469159614 0.9 44.8623328721031 36.499857643757 105 0.9 0.1 0.9
68.7404202320846 0.109392492450985 0.0990802561974426 0.58603463260864 83.1028954604307 74.7404202320846 106 0.1 0.3 0.9
58.6160268887093 0.9 0.379616321995564 0.257566317895436 72.9785021170555 64.6160268887093 107 0.3 0.3 0.9
65.3833755145644 0.054457375864263 0.124240469474476 0.73800990670226 79.7458507429105 71.3833755145644 108 0.5 0.3 0.9
76.6248722645995 0.001 0.0855246290556692 0.9 90.9873474929457 82.6248722645995 109 0.7 0.3 0.9
28.5406276757288 0.9 0.0800354140401602 0.9 42.9031029040749 34.5406276757288 110 0.9 0.3 0.9
136.264382680343 0.766953602916632 0.0170307441522668 0.115168150259504 150.626857908689 142.264382680343 111 0.1 0.5 0.9
84.5442810780465 0.200918251110653 0.132125423071048 0.436667752921877 98.9067563063927 90.5442810780465 112 0.3 0.5 0.9
40.2822048390046 0.165837933840566 0.192079218387429 0.7886075626029 54.6446800673508 46.2822048390046 113 0.5 0.5 0.9
27.3211809189439 0.254687639390469 0.135648570833296 0.9 41.68365614729 33.3211809189439 114 0.7 0.5 0.9
78.5741341438018 0.001 0.0679593757849239 0.9 92.936609372148 84.5741341438018 115 0.9 0.5 0.9
137.103894346835 0.103057501235986 0.9 0.116518536927593 151.466369575182 143.103894346835 116 0.1 0.7 0.9
80.812232295277 0.578055593619366 0.539469674165971 0.239904431278706 95.1747075236232 86.812232295277 117 0.3 0.7 0.9
64.4382277760774 0.536864408799783 0.520687533117779 0.372743457961365 78.8007030044235 70.4382277760774 118 0.5 0.7 0.9
74.7261808288331 0.553130599835031 0.286313420625885 0.314315574409227 89.0886560571792 80.7261808288331 119 0.7 0.7 0.9
77.221583586874 0.353436029090308 0.157614639028451 0.460700682097973 91.5840588152201 83.221583586874 120 0.9 0.7 0.9
166.361582059795 0.001 0.001 0.001 180.724057288141 172.361582059795 121 0.1 0.9 0.9
145.282910706205 0.9 0.810830237609026 0.0657296306239319 159.645385934552 151.282910706205 122 0.3 0.9 0.9
116.458332012976 0.9 0.798467514967603 0.130945012280147 130.820807241322 122.458332012976 123 0.5 0.9 0.9
83.5905057585563 0.9 0.500953188333994 0.164864907916207 97.9529809869025 89.5905057585563 124 0.7 0.9 0.9
64.2086107981444 0.0520924560917035 0.16299672489017 0.583459679229051 78.5710860264905 70.2086107981444 125 0.9 0.9 0.9
