323.832289731223 0.0745573169815287 0.0851060696037057 334.793567577907 327.832289731223 1 0.1 0.1
281.289709044013 0.416326249018778 0.0858395005399525 292.250986890697 285.289709044013 2 0.2 0.1
282.248753833692 0.360055432076165 0.0935319305647394 293.210031680376 286.248753833692 3 0.3 0.1
289.534309677295 0.479698189910424 0.0910394416646273 300.495587523979 293.534309677295 4 0.4 0.1
258.239128118537 0.325085079784528 0.137720225267151 269.200405965221 262.239128118537 5 0.5 0.1
268.650127096522 0.481918996718848 0.11342915458557 279.611404943206 272.650127096522 6 0.6 0.1
265.112977545191 0.611283509898307 0.10579669895445 276.074255391875 269.112977545191 7 0.7 0.1
247.261831701108 0.76838842078974 0.111551940154678 258.223109547792 251.261831701108 8 0.8 0.1
263.96818790996 0.938526274571945 0.0869093760780638 274.929465756644 267.96818790996 9 0.9 0.1
245.047986561244 1 0.0920445183907485 256.009264407928 249.047986561244 10 1 0.1
256.730542342783 0.0851365821333416 0.251071147056027 267.691820189467 260.730542342783 11 0.1 0.2
274.701749790287 0.190590943718555 0.134792518686452 285.663027636971 278.701749790287 12 0.2 0.2
228.83273991568 0.331032687497177 0.206900460742331 239.794017762364 232.83273991568 13 0.3 0.2
190.670366926413 0.200169980643023 0.281922994031931 201.631644773097 194.670366926413 14 0.4 0.2
207.053593838731 0.475026446941066 0.184396959656065 218.014871685415 211.053593838731 15 0.5 0.2
179.780663877407 0.774760519693481 0.185176088079141 190.741941724091 183.780663877407 16 0.6 0.2
170.607405341561 0.758644011850529 0.194218871565821 181.568683188245 174.607405341561 17 0.7 0.2
175.49037460125 0.865415134901935 0.172460717668005 186.451652447934 179.49037460125 18 0.8 0.2
164.269503278714 0.910462459999879 0.208850905445534 175.230781125398 168.269503278714 19 0.9 0.2
138.9293117718 0.94249040232042 0.208283860430591 149.890589618484 142.9293117718 20 1 0.2
224.962317769941 0.107036667182225 0.307802356293684 235.923595616625 228.962317769941 21 0.1 0.3
178.858314169824 0.518457049369347 0.183595686045768 189.819592016508 182.858314169824 22 0.2 0.3
185.213640921513 0.403694831444934 0.24863311756683 196.174918768197 189.213640921513 23 0.3 0.3
177.994906456505 0.375131069041728 0.301741022372764 188.956184303189 181.994906456505 24 0.4 0.3
117.161587325506 0.514428488880507 0.373530152002055 128.12286517219 121.161587325506 25 0.5 0.3
133.91561962024 0.427994703020035 0.32874205945176 144.876897466924 137.91561962024 26 0.6 0.3
114.563805279205 0.956686034446383 1 125.525083125889 118.563805279205 27 0.7 0.3
123.16280901942 0.783360715501677 0.34757090265642 134.124086866103 127.16280901942 28 0.8 0.3
148.17570025761 1 0.325065649148594 159.136978104294 152.17570025761 29 0.9 0.3
130.343279764341 0.982760057168375 1 141.304557611025 134.343279764341 30 1 0.3
238.826381439805 0.259692962047445 0.194489193803015 249.787659286489 242.826381439805 31 0.1 0.4
137.856758932189 0.13185505345122 0.520383085321928 148.818036778873 141.856758932189 32 0.2 0.4
93.4126346670562 0.306428495932066 0.409016442067498 104.37391251374 97.4126346670562 33 0.3 0.4
101.475795581292 0.338171616914462 0.520228146018703 112.437073427976 105.475795581292 34 0.4 0.4
119.638374021951 0.613859236066412 0.370614747101827 130.599651868635 123.638374021951 35 0.5 0.4
72.6774810164006 0.631698114601403 0.53295781590962 83.6387588630846 76.6774810164006 36 0.6 0.4
96.6681425298238 0.860981357102051 0.672059160397619 107.629420376508 100.668142529824 37 0.7 0.4
120.756727976918 0.874956765688273 0.555094978013509 131.718005823602 124.756727976918 38 0.8 0.4
90.3416173806468 0.785202182260841 0.406666920363718 101.302895227331 94.3416173806468 39 0.9 0.4
122.664909003916 0.892829758407411 0.324341970097064 133.6261868506 126.664909003916 40 1 0.4
154.086048980338 0.115870128065838 0.428573435615836 165.047326827022 158.086048980338 41 0.1 0.5
123.294261224724 0.194859273231962 0.485717673551237 134.255539071408 127.294261224724 42 0.2 0.5
103.232723406657 0.269755898230569 0.494614131816941 114.194001253341 107.232723406657 43 0.3 0.5
103.460735589352 0.559019724065504 0.405658624712272 114.422013436036 107.460735589352 44 0.4 0.5
86.8293742626889 0.552310237979041 0.477835550919152 97.7906521093728 90.8293742626889 45 0.5 0.5
75.2920273464311 0.599379497190519 0.438765700322373 86.2533051931151 79.2920273464311 46 0.6 0.5
70.7338135366359 0.559214174841622 0.476526663484345 81.6950913833199 74.7338135366359 47 0.7 0.5
79.1312584096112 0.877409631553694 0.622420466974759 90.0925362562952 83.1312584096112 48 0.8 0.5
118.304331121266 0.963304001716926 1 129.26560896795 122.304331121266 49 0.9 0.5
118.752794813121 1 0.317337875529568 129.714072659805 122.752794813121 50 1 0.5
164.573748652461 0.21648485682284 0.396865889647514 175.535026499145 168.573748652461 51 0.1 0.6
93.3004704742024 0.267774308212171 0.578526329989166 104.261748320886 97.3004704742024 52 0.2 0.6
90.9916513179564 0.294323369275961 0.674370532796705 101.95292916464 94.9916513179564 53 0.3 0.6
88.7662507731713 0.37236166463486 0.537901863803707 99.7275286198553 92.7662507731713 54 0.4 0.6
62.0840828462929 0.553672178650206 0.583504173032186 73.0453606929768 66.0840828462929 55 0.5 0.6
71.4589213966015 0.631209260874512 0.571294814472253 82.4201992432854 75.4589213966015 56 0.6 0.6
84.9011578269053 0.66777562935616 0.488717713408851 95.8624356735893 88.9011578269053 57 0.7 0.6
86.7503821599197 0.86801177307897 0.894151557665772 97.7116600066037 90.7503821599197 58 0.8 0.6
109.85395356465 0.946882104350778 1 120.815231411334 113.85395356465 59 0.9 0.6
109.520160589799 1 1 120.481438436483 113.520160589799 60 1 0.6
131.416290995177 0.118843923141327 0.673289870534777 142.377568841861 135.416290995177 61 0.1 0.7
91.8537708215736 0.207953581868373 0.676109744039401 102.815048668258 95.8537708215736 62 0.2 0.7
56.6446848115637 0.241064375775479 0.875657672311697 67.6059626582477 60.6446848115637 63 0.3 0.7
57.4862720186953 0.279392814713154 1 68.4475498653793 61.4862720186953 64 0.4 0.7
37.9014022777348 0.560623115389299 1 48.8626801244188 41.9014022777348 65 0.5 0.7
69.5185922066943 0.628953058460793 0.834432987812349 80.4798700533782 73.5185922066943 66 0.6 0.7
72.1557206528684 0.720445739870436 0.809882386087293 83.1169984995524 76.1557206528684 67 0.7 0.7
72.2390588184685 0.844559160939232 1 83.2003366651525 76.2390588184685 68 0.8 0.7
82.65660756264 0.748363956639482 0.497879144586285 93.617885409324 86.65660756264 69 0.9 0.7
138.630163038522 1 1 149.591440885206 142.630163038522 70 1 0.7
128.608535119829 0.108009308813229 0.636018423714668 139.569812966513 132.608535119829 71 0.1 0.8
92.7064165213959 0.208496927479048 0.798325850756071 103.66769436808 96.7064165213959 72 0.2 0.8
69.3682729311096 0.413372367989924 0.687399710045715 80.3295507777935 73.3682729311096 73 0.3 0.8
74.5966857923212 0.339049042197848 0.852936502158762 85.5579636390052 78.5966857923212 74 0.4 0.8
65.6954901645194 0.484937349358901 0.846331397099065 76.6567680112034 69.6954901645194 75 0.5 0.8
32.8034289023248 0.570921263391939 1 43.7647067490088 36.8034289023248 76 0.6 0.8
56.4505623335004 0.642606244455852 1 67.4118401801844 60.4505623335004 77 0.7 0.8
100.607009053843 0.788009267250852 0.760802658007941 111.568286900527 104.607009053843 78 0.8 0.8
77.7084093856115 0.918842955177642 1 88.6696872322954 81.7084093856115 79 0.9 0.8
117.725121151024 0.994365530235531 1 128.686398997708 121.725121151024 80 1 0.8
52.5755178010905 0.149145176329714 1 63.5367956477745 56.5755178010905 81 0.1 0.9
64.2528293442262 0.228946195457152 1 75.2141071909102 68.2528293442262 82 0.2 0.9
44.2737867689348 0.390537498538143 0.763462354954162 55.2350646156188 48.2737867689348 83 0.3 0.9
48.5948395466982 0.460869201670964 1 59.5561173933822 52.5948395466982 84 0.4 0.9
50.3289098089144 0.743651997435984 1 61.2901876555984 54.3289098089144 85 0.5 0.9
39.5419013533362 0.623048743968002 1 50.5031792000202 43.5419013533362 86 0.6 0.9
72.0770718455179 0.6673260479223 0.919644077088022 83.0383496922019 76.0770718455179 87 0.7 0.9
70.2842423890473 0.825508984322286 1 81.2455202357313 74.2842423890473 88 0.8 0.9
96.295665350463 0.917988924163252 0.647519673626335 107.256943197147 100.295665350463 89 0.9 0.9
126.154421762305 1 1 137.115699608989 130.154421762305 90 1 0.9
112.490423069622 0.0924177835363383 0.940475880639444 123.451700916306 116.490423069622 91 0.1 1
59.2156274373299 0.197224352552416 1 70.1769052840139 63.2156274373299 92 0.2 1
90.5996020718457 0.321179968098965 0.739170547122558 101.56087991853 94.5996020718457 93 0.3 1
54.1779330652179 0.460202631870513 0.777746899548132 65.1392109119019 58.1779330652179 94 0.4 1
49.8880354275488 0.590983081570542 1 60.8493132742328 53.8880354275488 95 0.5 1
53.7585092260043 0.627946677007382 1 64.7197870726883 57.7585092260043 96 0.6 1
26.6695172456979 0.615798195028945 1 37.6307950923819 30.6695172456979 97 0.7 1
75.5417805684102 0.78999923349933 1 86.5030584150942 79.5417805684102 98 0.8 1
105.015145419377 0.938892421912402 1 115.976423266061 109.015145419377 99 0.9 1
115.064884049409 1 1 126.026161896093 119.064884049409 100 1 1
