155.112500107612 0.0156170640110424 0.623714906976914 -0.9 169.474975335958 161.112500107612 1 0.1 0.1 -0.9
156.147082062879 0.0429962811955606 0.229653319029391 -0.9 170.509557291225 162.147082062879 2 0.3 0.1 -0.9
148.315718358021 0.727085014155538 0.0776172472257439 -0.854984098895447 162.678193586367 154.315718358021 3 0.5 0.1 -0.9
145.051560942754 0.416523941003692 0.125000823753336 -0.881895746047877 159.414036171101 151.051560942754 4 0.7 0.1 -0.9
133.747104766511 0.852718649206585 0.110521187357951 -0.823683387126347 148.109579994857 139.747104766511 5 0.9 0.1 -0.9
96.536176702351 0.0972010252962456 0.322374373021564 -0.9 110.898651930697 102.536176702351 6 0.1 0.3 -0.9
81.417954880169 0.347718959994165 0.315735902365782 -0.882006502462273 95.7804301085152 87.417954880169 7 0.3 0.3 -0.9
71.5728935718809 0.728115106792375 0.50938580523151 -0.527651782247134 85.935368800227 77.5728935718809 8 0.5 0.3 -0.9
50.7389253252691 0.725964888711568 0.584507587639915 -0.532239496942193 65.1014005536152 56.7389253252691 9 0.7 0.3 -0.9
46.5331320735355 0.809496758173684 0.618726286969867 -0.534785353837852 60.8956073018817 52.5331320735355 10 0.9 0.3 -0.9
89.6105227369462 0.151316308140918 0.428240650236917 -0.9 103.972997965292 95.6105227369462 11 0.1 0.5 -0.9
60.3845620721892 0.330572398119028 0.493875807597958 -0.9 74.7470373005353 66.3845620721892 12 0.3 0.5 -0.9
57.2440564424337 0.508026234370911 0.599674532179796 -0.713967146552635 71.6065316707798 63.2440564424337 13 0.5 0.5 -0.9
53.0178465631322 0.619282519669413 0.574677361639479 -0.599655543903234 67.3803217914783 59.0178465631322 14 0.7 0.5 -0.9
63.6940741007552 0.9 0.748798672981141 -0.676068996472978 78.0565493291013 69.6940741007552 15 0.9 0.5 -0.9
76.8850804348252 0.132394347241367 0.603191276626367 -0.9 91.2475556631713 82.8850804348252 16 0.1 0.7 -0.9
43.4084098702672 0.321780670670877 0.839594371144162 -0.9 57.7708850986133 49.4084098702672 17 0.3 0.7 -0.9
41.1189461562558 0.555640202764961 0.9 -0.9 55.481421384602 47.1189461562558 18 0.5 0.7 -0.9
45.129850989353 0.759990060591919 0.703483850009012 -0.761717771329419 59.4923262176991 51.129850989353 19 0.7 0.7 -0.9
30.9445675719184 0.760964835743941 0.836170782591303 -0.83610934838659 45.3070428002646 36.9445675719184 20 0.9 0.7 -0.9
62.7041056795643 0.0999788138475768 0.761386029097055 -0.9 77.0665809079105 68.7041056795643 21 0.1 0.9 -0.9
13.6026739628175 0.306425846311042 0.9 -0.9 27.9651491911636 19.6026739628174 22 0.3 0.9 -0.9
33.3769004064281 0.695275169963182 0.9 -0.9 47.7393756347742 39.3769004064281 23 0.5 0.9 -0.9
32.5355342493073 0.606741082008468 0.9 -0.9 46.8980094776534 38.5355342493073 24 0.7 0.9 -0.9
30.1116539245416 0.847940752442664 0.9 -0.9 44.4741291528877 36.1116539245416 25 0.9 0.9 -0.9
159.605441895714 0.880475770129937 0.0443192920568858 -0.767292217237721 173.96791712406 165.605441895714 26 0.1 0.1 -0.7
146.965382550291 0.421964499575761 0.0942157832461906 -0.862585217328044 161.327857778637 152.965382550291 27 0.3 0.1 -0.7
157.634056109617 0.52441358311039 0.0721671738619965 -0.868732254446751 171.996531337963 163.634056109617 28 0.5 0.1 -0.7
144.01097518192 0.9 0.0770563793016559 -0.873265060730036 158.373450410266 150.01097518192 29 0.7 0.1 -0.7
151.78796922172 0.382642008812897 0.0770447514757226 -0.87088303052199 166.150444450066 157.78796922172 30 0.9 0.1 -0.7
141.551915690454 0.157484801326084 0.131998188631808 -0.89752337007014 155.914390918801 147.551915690454 31 0.1 0.3 -0.7
105.459407086221 0.220098584638048 0.209888074646478 -0.892327543610005 119.821882314568 111.459407086221 32 0.3 0.3 -0.7
108.81208576523 0.622976260077002 0.189581546035365 -0.826948167527032 123.174560993577 114.81208576523 33 0.5 0.3 -0.7
78.3827113304536 0.71574015296162 0.48690943341424 -0.542646632689813 92.7451865587997 84.3827113304536 34 0.7 0.3 -0.7
87.9415805628893 0.787883349481536 0.199371750733911 -0.817752395800494 102.304055791235 93.9415805628893 35 0.9 0.3 -0.7
123.413367793401 0.151939080889776 0.287718961892664 -0.9 137.775843021747 129.413367793401 36 0.1 0.5 -0.7
72.2642939063194 0.351514091920639 0.415936260201132 -0.9 86.6267691346655 78.2642939063194 37 0.3 0.5 -0.7
48.8881769934914 0.410371073411248 0.640051594578993 -0.706183990996885 63.2506522218375 54.8881769934914 38 0.5 0.5 -0.7
59.0591463601655 0.772386337154557 0.592204982669185 -0.528122078957743 73.4216215885116 65.0591463601655 39 0.7 0.5 -0.7
62.3078681256048 0.9 0.724830708544888 -0.658767327809631 76.670343353951 68.3078681256048 40 0.9 0.5 -0.7
88.3284306127533 0.107902696440235 0.413683432371986 -0.899919882163822 102.690905841099 94.3284306127533 41 0.1 0.7 -0.7
37.5301788815353 0.364949582557949 0.747466161284479 -0.81263159535183 51.8926541098814 43.5301788815353 42 0.3 0.7 -0.7
58.7078115487225 0.468737575600438 0.585537432102678 -0.650335507350253 73.0702867770686 64.7078115487225 43 0.5 0.7 -0.7
49.7826385329465 0.68755052564205 0.570641483046701 -0.565354311186632 64.1451137612926 55.7826385329465 44 0.7 0.7 -0.7
49.1259766472665 0.9 0.750753856407706 -0.686823538804065 63.4884518756127 55.1259766472665 45 0.9 0.7 -0.7
74.6334123085876 0.059342952965442 0.9 -0.9 88.9958875369337 80.6334123085876 46 0.1 0.9 -0.7
24.8529232343519 0.20167599988545 0.9 -0.9 39.2153984626981 30.8529232343519 47 0.3 0.9 -0.7
44.3928643303688 0.527752796668344 0.776310026424018 -0.849281968235035 58.7553395587149 50.3928643303688 48 0.5 0.9 -0.7
30.4962212438815 0.725678342117244 0.9 -0.9 44.8586964722276 36.4962212438815 49 0.7 0.9 -0.7
60.6132515453407 0.887938682731655 0.769729871755275 -0.744261517855641 74.9757267736868 66.6132515453407 50 0.9 0.9 -0.7
159.304330684906 0.9 0.0631826212384467 -0.509379657026683 173.666805913252 165.304330684906 51 0.1 0.1 -0.5
165.167843142537 0.286326935757361 0.0564380286738198 -0.497758912250162 179.530318370883 171.167843142537 52 0.3 0.1 -0.5
164.301008785059 0.38082462914194 0.0541759325355522 -0.482701643792546 178.663484013405 170.301008785059 53 0.5 0.1 -0.5
142.822333038041 0.58433777360062 0.0922446482368815 -0.845866427251224 157.184808266387 148.822333038041 54 0.7 0.1 -0.5
141.300366549163 0.658918476446353 0.105497845428976 -0.830378430550888 155.662841777509 147.300366549163 55 0.9 0.1 -0.5
139.205391889852 0.145900073961441 0.148997951138895 -0.89966514151711 153.567867118198 145.205391889852 56 0.1 0.3 -0.5
146.781676422281 0.433564820666374 0.140389743737783 -0.870887297884886 161.144151650627 152.781676422281 57 0.3 0.3 -0.5
139.32739081039 0.569854191346813 0.121097834029927 -0.86255411195706 153.689866038736 145.32739081039 58 0.5 0.3 -0.5
101.261897336846 0.653871314153847 0.206074508573952 -0.831657842039296 115.624372565192 107.261897336846 59 0.7 0.3 -0.5
106.511559486757 0.9 0.198646525204061 -0.768586130986094 120.874034715103 112.511559486757 60 0.9 0.3 -0.5
102.806555946723 0.032279129189126 0.9 -0.9 117.169031175069 108.806555946723 61 0.1 0.5 -0.5
75.2655085789098 0.318710453474267 0.308012437830931 -0.88650353550186 89.627983807256 81.2655085789098 62 0.3 0.5 -0.5
92.7406646663221 0.354246487991479 0.271655261237434 -0.876010840634038 107.103139894668 98.7406646663221 63 0.5 0.5 -0.5
58.9674662386308 0.9 0.772572423917399 -0.733168984612915 73.3299414669769 64.9674662386308 64 0.7 0.5 -0.5
64.5699697271755 0.9 0.607928456443852 -0.470730016227109 78.9324449555216 70.5699697271755 65 0.9 0.5 -0.5
126.792947020114 0.127155137719383 0.296134075127928 -0.9 141.15542224846 132.792947020114 66 0.1 0.7 -0.5
62.1770621349625 0.273966159993855 0.39156908524184 -0.9 76.5395373633087 68.1770621349625 67 0.3 0.7 -0.5
47.1120783456484 0.408897665971526 0.556318444796331 -0.667156562640851 61.4745535739945 53.1120783456484 68 0.5 0.7 -0.5
60.4855544221872 0.819766446303401 0.604902881484017 -0.527005717775958 74.8480296505333 66.4855544221872 69 0.7 0.7 -0.5
56.2406720250348 0.84830346838361 0.597285088357437 -0.490142559591636 70.6031472533809 62.2406720250348 70 0.9 0.7 -0.5
87.2578451483639 0.148217234414517 0.403026793604849 -0.9 101.62032037671 93.2578451483639 71 0.1 0.9 -0.5
32.7371219619941 0.337827419011539 0.693019037543764 -0.752194616538851 47.0995971903402 38.7371219619941 72 0.3 0.9 -0.5
78.9939551986488 0.376342444188185 0.365706170461705 -0.885913938672749 93.3564304269949 84.9939551986488 73 0.5 0.9 -0.5
50.1660176120214 0.804764972490605 0.649118135868604 -0.608484358833002 64.5284928403675 56.1660176120214 74 0.7 0.9 -0.5
41.6563868010908 0.89720087483025 0.9 -0.9 56.018862029437 47.6563868010908 75 0.9 0.9 -0.5
165.968367318779 0.0676431023465611 0.0478099923264343 -0.843473621989673 180.330842547125 171.968367318779 76 0.1 0.1 -0.3
161.473507813228 0.684646477343842 0.16751335788334 -0.203687984384671 175.835983041574 167.473507813228 77 0.3 0.1 -0.3
157.288472713389 0.563745024286086 0.125599143076823 -0.386853900689575 171.650947941735 163.288472713389 78 0.5 0.1 -0.3
165.55634854917 0.9 0.0129219523881209 -0.891629851927092 179.918823777516 171.55634854917 79 0.7 0.1 -0.3
159.19474622414 0.0083842357640874 0.9 -0.9 173.557221452486 165.19474622414 80 0.9 0.1 -0.3
153.90972489428 0.575012719699542 0.0700074678664921 -0.844923797024762 168.272200122626 159.90972489428 81 0.1 0.3 -0.3
140.785835091321 0.272848783497939 0.11634033153629 -0.883455874452303 155.148310319667 146.785835091321 82 0.3 0.3 -0.3
160.457431986489 0.483999378028888 0.0528163344644468 -0.9 174.819907214836 166.457431986489 83 0.5 0.3 -0.3
114.237726617948 0.592377684556401 0.16099988510583 -0.83351549580724 128.600201846294 120.237726617948 84 0.7 0.3 -0.3
126.705823591887 0.761724733993109 0.115436405435486 -0.813340460632076 141.068298820233 132.705823591887 85 0.9 0.3 -0.3
152.747079966948 0.0116101644084597 0.9 -0.9 167.109555195294 158.747079966948 86 0.1 0.5 -0.3
108.439197068131 0.203886689591768 0.216267491458706 -0.89668505171562 122.801672296477 114.439197068131 87 0.3 0.5 -0.3
122.304801593719 0.750971026241772 0.157794974346907 -0.804832030379939 136.667276822066 128.304801593719 88 0.5 0.5 -0.3
119.444452004813 0.80856675304112 0.164529197934567 -0.793926941575454 133.806927233159 125.444452004813 89 0.7 0.5 -0.3
91.1314040963735 0.823493766057805 0.239605299414456 -0.792282170426844 105.49387932472 97.1314040963735 90 0.9 0.5 -0.3
138.407983093988 0.164485329626019 0.161885134221458 -0.899911991205752 152.770458322334 144.407983093988 91 0.1 0.7 -0.3
114.849582130491 0.558228488750538 0.18020755850616 -0.844686534897344 129.212057358837 120.849582130491 92 0.3 0.7 -0.3
78.0557351179557 0.568339862000371 0.279249491675261 -0.829410444273048 92.4182103463018 84.0557351179557 93 0.5 0.7 -0.3
49.5539676545071 0.756170277758405 0.539229141334659 -0.486230651217703 63.9164428828533 55.5539676545071 94 0.7 0.7 -0.3
76.2696402773052 0.9 0.528731416403309 -0.479969010223719 90.6321155056514 82.2696402773052 95 0.9 0.7 -0.3
143.043925259852 0.0176228088333429 0.9 -0.9 157.406400488198 149.043925259852 96 0.1 0.9 -0.3
63.5264951798984 0.285705979551305 0.352953081371566 -0.9 77.8889704082445 69.5264951798984 97 0.3 0.9 -0.3
78.1474825163113 0.210289454737258 0.36807625065627 -0.9 92.5099577446574 84.1474825163113 98 0.5 0.9 -0.3
54.5884875072335 0.801410103672202 0.648869997041886 -0.614388553259458 68.9509627355797 60.5884875072335 99 0.7 0.9 -0.3
57.5836895630056 0.9 0.770776765118998 -0.728518120659234 71.9461647913517 63.5836895630056 100 0.9 0.9 -0.3
165.463684512755 0.00346219234301495 0.792086161012761 -0.9 179.826159741102 171.463684512755 101 0.1 0.1 -0.1
166.348504114019 0.00196313935790824 0.0968806763918189 -0.9 180.710979342366 172.348504114019 102 0.3 0.1 -0.1
163.923634075466 0.572152765068603 0.0592755425905351 -0.419856233065915 178.286109303812 169.923634075466 103 0.5 0.1 -0.1
166.34711481527 0.00155279792603412 0.13259619024727 0.9 180.709590043616 172.34711481527 104 0.7 0.1 -0.1
163.739867108845 0.0923796020980741 0.0949736714320828 -0.615824363076001 178.102342337191 169.739867108845 105 0.9 0.1 -0.1
159.564719932625 0.00646763206206191 0.768623522538183 -0.9 173.927195160971 165.564719932625 106 0.1 0.3 -0.1
159.888855614726 0.9 0.0886751164286314 -0.361301018444455 174.251330843072 165.888855614726 107 0.3 0.3 -0.1
164.153163893959 0.758406226340538 0.179390421905 -0.106300148865501 178.515639122305 170.153163893959 108 0.5 0.3 -0.1
143.297217864899 0.053733304099179 0.233829790224387 -0.9 157.659693093245 149.297217864899 109 0.7 0.3 -0.1
162.087726417401 0.366304333221952 0.0474613872700761 -0.818578193433186 176.450201645747 168.087726417401 110 0.9 0.3 -0.1
161.169835955323 0.390988634933706 0.0503332064068448 -0.713873244804732 175.532311183669 167.169835955323 111 0.1 0.5 -0.1
165.732030501573 0.9 0.0327139608452442 -0.321228187343607 180.094505729919 171.732030501573 112 0.3 0.5 -0.1
164.708217699535 0.9 0.0459329050658582 -0.371939589330071 179.070692927881 170.708217699535 113 0.5 0.5 -0.1
150.674435279828 0.898689495487968 0.0969435602129396 -0.488889050788438 165.036910508174 156.674435279828 114 0.7 0.5 -0.1
154.731296638929 0.483836707108379 0.151605651190529 -0.336593496005234 169.093771867275 160.731296638929 115 0.9 0.5 -0.1
157.133992970698 0.00858735517038057 0.9 -0.9 171.496468199044 163.133992970698 116 0.1 0.7 -0.1
142.262768830915 0.239813881436626 0.102852889676538 -0.886935475506439 156.625244059261 148.262768830915 117 0.3 0.7 -0.1
154.127518083274 0.9 0.0523106735998806 -0.9 168.48999331162 160.127518083274 118 0.5 0.7 -0.1
165.637539628604 0.00237891766985328 0.9 0.9 180.00001485695 171.637539628604 119 0.7 0.7 -0.1
136.512833178505 0.9 0.0954879482434735 -0.808504129154099 150.875308406851 142.512833178505 120 0.9 0.7 -0.1
153.840648151855 0.00998364030489293 0.9 -0.9 168.203123380201 159.840648151855 121 0.1 0.9 -0.1
147.550337198367 0.199366632424788 0.101805232185586 -0.892678828106714 161.912812426714 153.550337198367 122 0.3 0.9 -0.1
139.461725196906 0.478838831260046 0.107089419684305 -0.85559162204182 153.824200425253 145.461725196906 123 0.5 0.9 -0.1
117.943847206444 0.564212371096942 0.153341008466148 -0.840109206806587 132.30632243479 123.943847206444 124 0.7 0.9 -0.1
128.510067511462 0.9 0.118757855928538 -0.841156470349142 142.872542739808 134.510067511462 125 0.9 0.9 -0.1
166.157620207248 0.00159917205453926 0.806750083162761 -0.9 180.520095435594 172.157620207248 126 0.1 0.1 0.1
166.266105336755 0.00178222382294473 0.285895738281526 -0.9 180.628580565101 172.266105336755 127 0.3 0.1 0.1
162.55889978514 0.00544239814708468 0.9 0.9 176.921375013486 168.55889978514 128 0.5 0.1 0.1
166.089257986359 0.00240019256488825 0.543439635396727 0.9 180.451733214706 172.089257986359 129 0.7 0.1 0.1
166.343637357319 0.116996398361629 0.00584067520560723 -0.5776077805184 180.706112585665 172.343637357319 130 0.9 0.1 0.1
164.174800408678 0.9 0.0892512699037993 0.207660562422265 178.537275637024 170.174800408678 131 0.1 0.3 0.1
164.521989958302 0.53880261369317 0.0647524956190786 0.344942080279979 178.884465186648 170.521989958302 132 0.3 0.3 0.1
164.329547246616 0.00304720323429769 0.9 0.9 178.692022474963 170.329547246616 133 0.5 0.3 0.1
163.253126443758 0.9 0.0753175606679809 0.330345551744092 177.615601672104 169.253126443758 134 0.7 0.3 0.1
162.916550138586 0.00612801336619974 0.9 0.9 177.279025366932 168.916550138586 135 0.9 0.3 0.1
164.940175754952 0.123153914901166 0.0503353132089406 0.803137271732587 179.302650983298 170.940175754952 136 0.1 0.5 0.1
159.76779035477 0.346389915771722 0.0845978275362339 0.553296516013025 174.130265583116 165.76779035477 137 0.3 0.5 0.1
163.238380840345 0.513614031454928 0.0683483010762896 0.415619017070288 177.600856068692 169.238380840345 138 0.5 0.5 0.1
157.512026285286 0.630815048476469 0.0971240038084455 0.452020828634798 171.874501513632 163.512026285286 139 0.7 0.5 0.1
149.066795805568 0.9 0.0844478517386437 0.685513875210097 163.429271033914 155.066795805568 140 0.9 0.5 0.1
157.113557528828 0.440319904041486 0.0848040293583165 0.57388630305986 171.476032757175 163.113557528828 141 0.1 0.7 0.1
146.352591172037 0.355587752635386 0.172689562376566 0.622797455488723 160.715066400383 152.352591172037 142 0.3 0.7 0.1
145.558559493924 0.28891108994428 0.135527304843083 0.668792165991413 159.92103472227 151.558559493924 143 0.5 0.7 0.1
145.763103306167 0.57334614059269 0.150192319988451 0.472822892859163 160.125578534513 151.763103306167 144 0.7 0.7 0.1
142.357056345322 0.347753344022251 0.155000844898026 0.594847545276847 156.719531573668 148.357056345322 145 0.9 0.7 0.1
161.098001066334 0.0160682854386114 0.495202493518469 0.9 175.46047629468 167.098001066334 146 0.1 0.9 0.1
146.683718188171 0.298114932235335 0.145779503826304 0.68055708863344 161.046193416517 152.683718188171 147 0.3 0.9 0.1
136.149881031674 0.798961263156749 0.272628679478866 0.337318131256399 150.51235626002 142.149881031674 148 0.5 0.9 0.1
127.477397291846 0.525763488861827 0.18427059752831 0.541422970252402 141.839872520192 133.477397291846 149 0.7 0.9 0.1
128.814877244394 0.673298334364743 0.366872532322162 0.332231818282873 143.17735247274 134.814877244394 150 0.9 0.9 0.1
164.350370714229 0.00352856280102961 0.9 -0.9 178.712845942575 170.350370714229 151 0.1 0.1 0.3
161.346803445358 0.9 0.105182208516602 0.268049929876811 175.709278673704 167.346803445358 152 0.3 0.1 0.3
166.328044596244 0.00142193460124661 0.263290946722975 0.9 180.69051982459 172.328044596244 153 0.5 0.1 0.3
153.599233561017 0.9 0.110438739435473 0.413950856006749 167.961708789363 159.599233561017 154 0.7 0.1 0.3
158.070913085651 0.367244854132368 0.0749372152328003 0.765213549562983 172.433388313998 164.070913085651 155 0.9 0.1 0.3
160.947884481466 0.0685249483903337 0.0851396547127293 0.9 175.310359709813 166.947884481466 156 0.1 0.3 0.3
132.261999423832 0.213677651582596 0.154392712360967 0.898506591387988 146.624474652178 138.261999423832 157 0.3 0.3 0.3
135.33451062828 0.445482947281358 0.226443479365887 0.50924624479819 149.696985856626 141.33451062828 158 0.5 0.3 0.3
131.902594842679 0.43577154327996 0.184533375588193 0.579414801651369 146.265070071025 137.902594842679 159 0.7 0.3 0.3
138.386156081232 0.9 0.159363797372067 0.479951438718823 152.748631309578 144.386156081232 160 0.9 0.3 0.3
138.590202148932 0.0151290526259588 0.9 0.9 152.952677377279 144.590202148932 161 0.1 0.5 0.3
119.226630749629 0.496254716426601 0.237062974527754 0.511423294620079 133.589105977976 125.226630749629 162 0.3 0.5 0.3
117.599998811201 0.597049990592786 0.302182676336392 0.466689537573042 131.962474039548 123.599998811201 163 0.5 0.5 0.3
100.671411079359 0.652992038192989 0.34378770618904 0.488418436215936 115.033886307705 106.671411079359 164 0.7 0.5 0.3
94.0643105803962 0.75903983970898 0.346722390736014 0.478168192497795 108.426785808742 100.064310580396 165 0.9 0.5 0.3
126.651521562839 0.0185743372441677 0.9 0.9 141.013996791185 132.651521562839 166 0.1 0.7 0.3
103.867268184639 0.217700600114211 0.248912989426799 0.9 118.229743412985 109.867268184639 167 0.3 0.7 0.3
90.4996626336814 0.648161263943509 0.340587927938244 0.549233750333035 104.862137862027 96.4996626336814 168 0.5 0.7 0.3
34.5296755711502 0.694366805516688 0.647860282789522 0.850630098228668 48.8921507994964 40.5296755711502 169 0.7 0.7 0.3
84.4137341590853 0.796614913952642 0.373246936822585 0.549206870560143 98.7762093874315 90.4137341590853 170 0.9 0.7 0.3
127.418282945224 0.149396506626516 0.20411933050915 0.9 141.780758173571 133.418282945224 171 0.1 0.9 0.3
81.7118676332877 0.292489981998848 0.421558584777396 0.9 96.0743428616339 87.7118676332877 172 0.3 0.9 0.3
85.2483646984477 0.478622872089465 0.290148086286361 0.871855157501534 99.6108399267938 91.2483646984477 173 0.5 0.9 0.3
89.6662722418419 0.891777803716984 0.465480045033535 0.42234108615906 104.028747470188 95.6662722418419 174 0.7 0.9 0.3
64.5687004838495 0.9 0.634822289418008 0.497119176344154 78.9311757121957 70.5687004838495 175 0.9 0.9 0.3
166.297953419662 0.00190213182020643 0.263128722731487 -0.9 180.660428648008 172.297953419662 176 0.1 0.1 0.5
149.080523998032 0.0149252188121385 0.860883074198117 0.9 163.442999226378 155.080523998032 177 0.3 0.1 0.5
165.057652312833 0.00788338637354183 0.445223598511218 0.9 179.420127541179 171.057652312833 178 0.5 0.1 0.5
165.534565345776 0.364259175899488 0.0413338529169521 0.44400657718688 179.897040574122 171.534565345776 179 0.7 0.1 0.5
150.686983087764 0.0504905928692426 0.207530004839605 0.9 165.04945831611 156.686983087764 180 0.9 0.1 0.5
136.755027338585 0.0178798364337245 0.9 0.9 151.117502566931 142.755027338585 181 0.1 0.3 0.5
116.020545375694 0.232333167592532 0.26192123705945 0.9 130.383020604041 122.020545375694 182 0.3 0.3 0.5
111.155420231888 0.545807503846588 0.282967968309073 0.487040429496575 125.517895460234 117.155420231888 183 0.5 0.3 0.5
97.8816388883219 0.696906074918543 0.40783009077969 0.416960178683795 112.244114116668 103.881638888322 184 0.7 0.3 0.5
88.8478578530206 0.9 0.656588331495955 0.336120899034624 103.210333081367 94.8478578530206 185 0.9 0.3 0.5
123.196724382715 0.0235467676526107 0.9 0.9 137.559199611061 129.196724382715 186 0.1 0.5 0.5
81.1431786106438 0.124719529436818 0.411968955109814 0.9 95.5056538389899 87.1431786106438 187 0.3 0.5 0.5
51.143818096415 0.645861323972893 0.395113899657637 0.78761585117373 65.5062933247612 57.143818096415 188 0.5 0.5 0.5
58.0027453182998 0.520162230319632 0.378287506882077 0.9 72.3652205466459 64.0027453182998 189 0.7 0.5 0.5
57.7146042719 0.889468567427965 0.581776243032453 0.431013085118008 72.0770795002461 63.7146042719 190 0.9 0.5 0.5
102.352562297255 0.349591577984203 0.219298258765842 0.805989105643426 116.715037525601 108.352562297255 191 0.1 0.7 0.5
59.7990132482681 0.285153758918063 0.426650382095458 0.9 74.1614884766143 65.7990132482681 192 0.3 0.7 0.5
54.3092307635925 0.46452407327875 0.456637550376612 0.874289128037221 68.6717059919387 60.3092307635925 193 0.5 0.7 0.5
48.4899482157434 0.606936194198944 0.56250115967005 0.86644230596996 62.8524234440895 54.4899482157434 194 0.7 0.7 0.5
47.9624777693596 0.792568318976745 0.432991368362702 0.832974040512961 62.3249529977058 53.9624777693596 195 0.9 0.7 0.5
87.015068742486 0.146643221064218 0.455911372687037 0.899296153504396 101.377543970832 93.015068742486 196 0.1 0.9 0.5
61.4967947340876 0.273408858705756 0.540883562147207 0.9 75.8592699624338 67.4967947340876 197 0.3 0.9 0.5
56.8186078397314 0.648040593870077 0.485901797972635 0.893329024306108 71.1810830680776 62.8186078397314 198 0.5 0.9 0.5
43.626258356608 0.662321258603222 0.448746015606892 0.873617953377153 57.9887335849542 49.626258356608 199 0.7 0.9 0.5
43.1786014664414 0.9 0.558286269308648 0.57178456342411 57.5410766947875 49.1786014664414 200 0.9 0.9 0.5
166.230243834868 0.346936907140042 0.0189106636676333 0.410940676714359 180.592719063214 172.230243834868 201 0.1 0.1 0.7
150.022718740121 0.228209670535744 0.116063106204638 0.746091312585627 164.385193968467 156.022718740121 202 0.3 0.1 0.7
155.34802784226 0.0109622574251465 0.9 0.9 169.710503070606 161.34802784226 203 0.5 0.1 0.7
148.018176962603 0.529959324510499 0.272712583057043 0.364668698479643 162.380652190949 154.018176962603 204 0.7 0.1 0.7
138.483927941666 0.9 0.230888143306561 0.316213052380495 152.846403170012 144.483927941666 205 0.9 0.1 0.7
142.567753921352 0.0752992551435523 0.331305128782448 0.9 156.930229149698 148.567753921352 206 0.1 0.3 0.7
89.8169578828758 0.597323983376765 0.334156732940563 0.557042728620081 104.179433111222 95.8169578828758 207 0.3 0.3 0.7
86.4334668457536 0.343383580592105 0.301279651262471 0.9 100.7959420741 92.4334668457536 208 0.5 0.3 0.7
71.9437083817508 0.767465331110905 0.386126135528828 0.589350008386566 86.306183610097 77.9437083817508 209 0.7 0.3 0.7
70.9583682603263 0.9 0.619782371103219 0.403934066951376 85.3208434886724 76.9583682603263 210 0.9 0.3 0.7
112.14329858516 0.033386338336365 0.9 0.9 126.505773813506 118.14329858516 211 0.1 0.5 0.7
55.5729886310312 0.402819880821362 0.364563941602088 0.9 69.9354638593774 61.5729886310312 212 0.3 0.5 0.7
57.5311183434537 0.49723414785156 0.318908221227287 0.9 71.8935935717999 63.5311183434537 213 0.5 0.5 0.7
40.2927900263359 0.818320469849942 0.637432251754812 0.9 54.655265254682 46.2927900263359 214 0.7 0.5 0.7
47.5862911139754 0.9 0.802920902929688 0.9 61.9487663423215 53.5862911139754 215 0.9 0.5 0.7
74.080003566059 0.11163184109076 0.516045085805932 0.9 88.4424787944052 80.080003566059 216 0.1 0.7 0.7
70.9386337007271 0.234132464548352 0.504159617128063 0.9 85.3011089290732 76.9386337007271 217 0.3 0.7 0.7
30.1037947916558 0.492864347024156 0.56466887627694 0.848557554898014 44.4662700200019 36.1037947916558 218 0.5 0.7 0.7
27.5740032732361 0.743344071451945 0.83323478479999 0.833167702962823 41.9364785015822 33.5740032732361 219 0.7 0.7 0.7
65.5136857405663 0.9 0.643315278132573 0.9 79.8761609689124 71.5136857405663 220 0.9 0.7 0.7
64.7395503210533 0.0973800899361043 0.656702093929761 0.9 79.1020255493995 70.7395503210533 221 0.1 0.9 0.7
25.3891297842414 0.459955569473496 0.9 0.9 39.7516050125875 31.3891297842414 222 0.3 0.9 0.7
43.5788358279986 0.426831610865803 0.599665281728193 0.842615369992622 57.9413110563448 49.5788358279986 223 0.5 0.9 0.7
40.9147931226579 0.567848615794231 0.691495943300657 0.847110329705703 55.277268351004 46.9147931226579 224 0.7 0.9 0.7
40.5615516241095 0.898936447432223 0.9 0.9 54.9240268524556 46.5615516241095 225 0.9 0.9 0.7
150.968853360461 0.0306917952560776 0.370476714952144 0.9 165.331328588807 156.968853360461 226 0.1 0.1 0.9
144.233323186932 0.0142000787408492 0.9 0.9 158.595798415278 150.233323186932 227 0.3 0.1 0.9
136.706817993608 0.363602988581989 0.167229080382673 0.61071810836869 151.069293221954 142.706817993608 228 0.5 0.1 0.9
137.728671099875 0.627062604711544 0.280658631494093 0.30935825835837 152.091146328222 143.728671099875 229 0.7 0.1 0.9
137.063340240621 0.752855338786016 0.169059086105796 0.495371576209992 151.425815468967 143.063340240621 230 0.9 0.1 0.9
111.572933839831 0.0611267254565588 0.461754881731446 0.9 125.935409068177 117.572933839831 231 0.1 0.3 0.9
84.5658026232022 0.488670103551033 0.292937269804269 0.726074656854212 98.9282778515484 90.5658026232022 232 0.3 0.3 0.9
75.9177995200861 0.414458700752969 0.309832112644719 0.9 90.2802747484322 81.9177995200861 233 0.5 0.3 0.9
63.6763860706136 0.84107561935075 0.410702308148745 0.585909070917643 78.0388612989598 69.6763860706136 234 0.7 0.3 0.9
53.4396112914797 0.9 0.576526669975739 0.419788986481552 67.8020865198258 59.4396112914797 235 0.9 0.3 0.9
95.6767259546642 0.216180392629822 0.359557205575337 0.9 110.03920118301 101.676725954664 236 0.1 0.5 0.9
55.6612152188623 0.199971004954912 0.502319840689766 0.88620194539499 70.0236904472084 61.6612152188623 237 0.3 0.5 0.9
29.4713954517884 0.529916023961282 0.621851413734863 0.898609294692338 43.8338706801346 35.4713954517884 238 0.5 0.5 0.9
40.0981386750505 0.561836632684002 0.512428656775696 0.78165852767545 54.4606139033966 46.0981386750505 239 0.7 0.5 0.9
63.8170606929029 0.9 0.641143629480259 0.810006989122897 78.179535921249 69.8170606929029 240 0.9 0.5 0.9
44.5872097752227 0.095360192666396 0.9 0.9 58.9496850035689 50.5872097752227 241 0.1 0.7 0.9
59.4994626107437 0.362239297787931 0.413239497737346 0.9 73.8619378390898 65.4994626107437 242 0.3 0.7 0.9
30.6200651283671 0.503925968701755 0.508488436839832 0.9 44.9825403567133 36.6200651283671 243 0.5 0.7 0.9
14.0840096234354 0.601769695010568 0.9 0.9 28.4464848517816 20.0840096234354 244 0.7 0.7 0.9
60.789174522358 0.9 0.601677615112632 0.732553956922123 75.1516497507041 66.789174522358 245 0.9 0.7 0.9
31.4858654855588 0.14156220409481 0.9 0.9 45.848340713905 37.4858654855588 246 0.1 0.9 0.9
37.7545110293948 0.251402721307186 0.788351409629968 0.9 52.1169862577409 43.7545110293948 247 0.3 0.9 0.9
16.9330222608193 0.539116634019036 0.9 0.9 31.2954974891654 22.9330222608193 248 0.5 0.9 0.9
45.406961185026 0.404546471802596 0.774946456549655 0.9 59.7694364133721 51.406961185026 249 0.7 0.9 0.9
53.3500936491229 0.9 0.810721003919253 0.9 67.712568877469 59.3500936491229 250 0.9 0.9 0.9
