152.32191488711 0.0192474034036933 0.001 0.9 166.684390115456 158.32191488711 1 0.1 0.1 0.1
138.575777697668 0.496015520622564 0.239287143476132 0.105410409185062 152.938252926015 144.575777697668 2 0.3 0.1 0.1
127.527852458896 0.9 0.321591583494461 0.101028987367883 141.890327687242 133.527852458896 3 0.5 0.1 0.1
145.584471421264 0.019269837644557 0.00727608070812411 0.9 159.94694664961 151.584471421264 4 0.7 0.1 0.1
125.547903628024 0.0882359106104283 0.102752886103195 0.289936639445915 139.91037885637 131.547903628024 5 0.9 0.1 0.1
155.545043625934 0.105134022806765 0.401978006865894 0.094249011444616 169.90751885428 161.545043625934 6 0.1 0.3 0.1
145.287951823929 0.3683346729533 0.0647633700294957 0.123765736579571 159.650427052275 151.287951823929 7 0.3 0.3 0.1
120.301947977403 0.752544637758132 0.140106435054201 0.114209421269772 134.664423205749 126.301947977403 8 0.5 0.3 0.1
133.206113313543 0.001 0.180196660965991 0.253974048794431 147.568588541889 139.206113313543 9 0.7 0.3 0.1
115.710142975467 0.828406235354273 0.0750234528546233 0.130267326416351 130.072618203814 121.710142975467 10 0.9 0.3 0.1
151.828766174796 0.9 0.599071736946921 0.0531776420992165 166.191241403142 157.828766174796 11 0.1 0.5 0.1
127.191789221912 0.39906617136648 0.332192495020883 0.140427325770234 141.554264450259 133.191789221912 12 0.3 0.5 0.1
143.403666059747 0.137185935120827 0.281402527268332 0.167243972066089 157.766141288093 149.403666059747 13 0.5 0.5 0.1
149.411980412758 0.26649728243794 0.001 0.129442065070518 163.774455641104 155.411980412758 14 0.7 0.5 0.1
118.8687651739 0.325102175276972 0.001 0.327026986322214 133.231240402246 124.8687651739 15 0.9 0.5 0.1
137.685225675042 0.586839217618215 0.770477481494055 0.0753360929926795 152.047700903388 143.685225675042 16 0.1 0.7 0.1
147.080295786719 0.179599055570413 0.0083267092063292 0.262844385496441 161.442771015066 153.080295786719 17 0.3 0.7 0.1
142.6798278128 0.00925436889576955 0.214925265379522 0.170400456159666 157.042303041147 148.6798278128 18 0.5 0.7 0.1
128.966594266073 0.348386563233036 0.556001730541617 0.111256807205161 143.329069494419 134.966594266073 19 0.7 0.7 0.1
140.065024526535 0.839609494218493 0.001 0.107758380407932 154.427499754881 146.065024526535 20 0.9 0.7 0.1
154.399569181971 0.0852781699193509 0.353951169065778 0.0719600270267261 168.762044410317 160.399569181971 21 0.1 0.9 0.1
155.157042823407 0.001 0.677711859819286 0.0903417796071489 169.519518051753 161.157042823407 22 0.3 0.9 0.1
120.000885849841 0.19177260592329 0.268803600087787 0.164320447439601 134.363361078187 126.000885849841 23 0.5 0.9 0.1
145.725298886736 0.62117085297811 0.621906815327744 0.0817196064161627 160.087774115082 151.725298886736 24 0.7 0.9 0.1
143.036634701784 0.731372640551986 0.699658070393896 0.0834171402842847 157.39910993013 149.036634701784 25 0.9 0.9 0.1
96.0187629342372 0.519496702152058 0.0622931651939621 0.236078115865591 110.381238162583 102.018762934237 26 0.1 0.1 0.3
70.8643969305573 0.830309126550666 0.127684783161409 0.235764014085114 85.2268721589034 76.8643969305573 27 0.3 0.1 0.3
34.3201828299917 0.001 0.104669382370282 0.9 48.6826580583378 40.3201828299917 28 0.5 0.1 0.3
73.1857239380278 0.85964967446285 0.212542961987546 0.251049572379674 87.548199166374 79.1857239380278 29 0.7 0.1 0.3
13.9655948806362 0.9 0.0978933702631391 0.9 28.3280701089823 19.9655948806362 30 0.9 0.1 0.3
89.058164989288 0.520973677886266 0.443630499082046 0.205052148228022 103.420640217634 95.058164989288 31 0.1 0.3 0.3
62.8133664668029 0.9 0.128342154477783 0.221968105659921 77.175841695149 68.8133664668028 32 0.3 0.3 0.3
87.4218994683962 0.9 0.370344091667354 0.183391810670337 101.784374696742 93.4218994683962 33 0.5 0.3 0.3
17.0589786829407 0.9 0.210358516106205 0.465497882536668 31.4214539112868 23.0589786829407 34 0.7 0.3 0.3
43.4131665667685 0.9 0.0948372849814864 0.9 57.7756417951146 49.4131665667685 35 0.9 0.3 0.3
126.909362971933 0.0144432069919182 0.233330109147812 0.238581505110405 141.271838200279 132.909362971933 36 0.1 0.5 0.3
96.822313372721 0.310754734972149 0.558595399073879 0.220233537524328 111.184788601067 102.822313372721 37 0.3 0.5 0.3
105.703921602505 0.001 0.0665417178582535 0.9 120.066396830852 111.703921602505 38 0.5 0.5 0.3
80.0043309595264 0.457942689114488 0.330465627648555 0.232829455284281 94.3668061878726 86.0043309595264 39 0.7 0.5 0.3
68.1946119054434 0.0070084343427516 0.141442302480967 0.832353949757827 82.5570871337895 74.1946119054434 40 0.9 0.5 0.3
138.10606737487 0.26487887427766 0.714676531727994 0.113472061421526 152.468542603216 144.10606737487 41 0.1 0.7 0.3
109.481435072372 0.826782522934824 0.238491943109842 0.137055341258513 123.843910300718 115.481435072372 42 0.3 0.7 0.3
110.694706831243 0.9 0.190472980534673 0.13630939950623 125.05718205959 116.694706831243 43 0.5 0.7 0.3
112.825854948046 0.171042304612248 0.356393964173931 0.278445243062392 127.188330176392 118.825854948046 44 0.7 0.7 0.3
78.5561779881753 0.9 0.137002286818448 0.198196662192999 92.9186532165215 84.5561779881753 45 0.9 0.7 0.3
166.355916446882 0.001 0.001 0.001 180.718391675229 172.355916446882 46 0.1 0.9 0.3
141.38000559394 0.001 0.581818251512204 0.162705401463844 155.742480822286 147.38000559394 47 0.3 0.9 0.3
127.426775673345 0.9 0.146751060883325 0.0955868278554029 141.789250901691 133.426775673345 48 0.5 0.9 0.3
104.842774474865 0.9 0.0908025676400301 0.143943271883048 119.205249703211 110.842774474865 49 0.7 0.9 0.3
123.918368444891 0.9 0.513020175441074 0.120018825671241 138.280843673237 129.918368444891 50 0.9 0.9 0.3
76.6078147962494 0.0540873445886878 0.0807802991769748 0.9 90.9702900245956 82.6078147962494 51 0.1 0.1 0.5
37.8307021667569 0.1290301270888 0.0593388813656403 0.9 52.193177395103 43.8307021667569 52 0.3 0.1 0.5
34.3946958470856 0.179679449432258 0.0695407868810748 0.9 48.7571710754317 40.3946958470856 53 0.5 0.1 0.5
37.4143664921113 0.9 0.122522062979406 0.9 51.7768417204574 43.4143664921113 54 0.7 0.1 0.5
20.2159718123966 0.294987954937414 0.11508818808647 0.9 34.5784470407427 26.2159718123966 55 0.9 0.1 0.5
62.2544394597423 0.749690932686924 0.0739289172620234 0.256275237677586 76.6169146880885 68.2544394597423 56 0.1 0.3 0.5
65.8907110305293 0.001 0.196767714353198 0.62509967424588 80.2531862588754 71.8907110305293 57 0.3 0.3 0.5
26.3405199264809 0.467736514448813 0.131708112654849 0.9 40.702995154827 32.3405199264809 58 0.5 0.3 0.5
72.4010538359091 0.001 0.114705254614887 0.709371306606861 86.7635290642553 78.4010538359091 59 0.7 0.3 0.5
42.3674288072822 0.186488107083128 0.079434402144738 0.9 56.7299040356283 48.3674288072822 60 0.9 0.3 0.5
138.680301268037 0.308579865810408 0.745089853513442 0.097565273231936 153.042776496384 144.680301268037 61 0.1 0.5 0.5
81.9820756366926 0.9 0.602032904272639 0.20347775529817 96.3445508650387 87.9820756366926 62 0.3 0.5 0.5
94.0160213803382 0.109175116870539 0.0366278213526176 0.616525619211403 108.378496608684 100.016021380338 63 0.5 0.5 0.5
67.3893234309184 0.162019516005691 0.0636531228310152 0.9 81.7517986592645 73.3893234309184 64 0.7 0.5 0.5
64.9048798118169 0.001 0.1201442717101 0.9 79.267355040163 70.9048798118169 65 0.9 0.5 0.5
141.997990148035 0.001 0.179005463240047 0.239045241242707 156.360465376382 147.997990148035 66 0.1 0.7 0.5
102.721502601122 0.6430264390287 0.60883004624809 0.156886664295874 117.083977829468 108.721502601122 67 0.3 0.7 0.5
132.270229281607 0.753001606534486 0.17934118738827 0.109823431504193 146.632704509953 138.270229281607 68 0.5 0.7 0.5
106.292160738204 0.001 0.157642754987402 0.488016907028547 120.65463596655 112.292160738204 69 0.7 0.7 0.5
53.5905559565736 0.864896198339494 0.700869830997744 0.266080094776655 67.9530311849197 59.5905559565736 70 0.9 0.7 0.5
140.627177425225 0.001 0.9 0.112182808755788 154.989652653571 146.627177425225 71 0.1 0.9 0.5
141.705313596249 0.148033686898696 0.647622354890173 0.093483512722112 156.067788824595 147.705313596249 72 0.3 0.9 0.5
109.256589137828 0.80706577632031 0.9 0.118817049150271 123.619064366174 115.256589137828 73 0.5 0.9 0.5
87.6564013943087 0.9 0.752064207340345 0.169859544661768 102.018876622655 93.6564013943087 74 0.7 0.9 0.5
95.5121326878653 0.9 0.249839185375369 0.155996630089042 109.874607916211 101.512132687865 75 0.9 0.9 0.5
45.3821817553696 0.0462359056069925 0.13529042047153 0.9 59.7446569837157 51.3821817553696 76 0.1 0.1 0.7
53.9727744829613 0.184465809091659 0.083249983445712 0.9 68.3352497113074 59.9727744829613 77 0.3 0.1 0.7
37.641537683328 0.0818971623364937 0.12667592227884 0.9 52.0040129116742 43.641537683328 78 0.5 0.1 0.7
29.2672793649232 0.9 0.115127625761229 0.9 43.6297545932693 35.2672793649232 79 0.7 0.1 0.7
43.9523249677987 0.00194799752140468 0.117207220056471 0.9 58.3148001961448 49.9523249677987 80 0.9 0.1 0.7
59.3945766929403 0.403010046546155 0.537814334123129 0.384409643388002 73.7570519212865 65.3945766929403 81 0.1 0.3 0.7
63.3849558075152 0.9 0.541556536313932 0.246465727049997 77.7474310358613 69.3849558075152 82 0.3 0.3 0.7
31.2107666375008 0.9 0.0621327442312304 0.9 45.573241865847 37.2107666375008 83 0.5 0.3 0.7
41.7726290439265 0.069863354417713 0.160858746822071 0.9 56.1351042722726 47.7726290439265 84 0.7 0.3 0.7
15.5230640226427 0.9 0.110871450669287 0.9 29.8855392509889 21.5230640226427 85 0.9 0.3 0.7
95.1279982530513 0.387810057983412 0.795919803415231 0.244339768955104 109.490473481397 101.127998253051 86 0.1 0.5 0.7
73.4680698092302 0.0770948552599891 0.383418910069564 0.482589130465119 87.8305450375763 79.4680698092302 87 0.3 0.5 0.7
78.6980789477132 0.129368732180683 0.138531685278715 0.539701786580063 93.0605541760593 84.6980789477132 88 0.5 0.5 0.7
99.3936062633788 0.12007833208519 0.0579576070623535 0.9 113.756081491725 105.393606263379 89 0.7 0.5 0.7
31.4967125672089 0.357205640511575 0.209089723753708 0.771352711097127 45.859187795555 37.4967125672089 90 0.9 0.5 0.7
142.850236822837 0.0512256783624446 0.9 0.102895199701429 157.212712051183 148.850236822837 91 0.1 0.7 0.7
93.6819614039834 0.839748436239202 0.666670363697921 0.176908127344484 108.04443663233 99.6819614039834 92 0.3 0.7 0.7
91.1419358668344 0.9 0.451843382610643 0.169267611170362 105.504411095181 97.1419358668344 93 0.5 0.7 0.7
62.5231444266225 0.9 0.545631046815441 0.223091144069943 76.8856196549686 68.5231444266225 94 0.7 0.7 0.7
51.0107976646188 0.001 0.0790597853193855 0.9 65.3732728929649 57.0107976646188 95 0.9 0.7 0.7
166.357393567254 0.001 0.001 0.001 180.7198687956 172.357393567254 96 0.1 0.9 0.7
143.002840040424 0.638601614991319 0.9 0.0771875265653493 157.36531526877 149.002840040424 97 0.3 0.9 0.7
68.4459289543545 0.459210733325604 0.0242804395670571 0.31078833364482 82.8084041827006 74.4459289543545 98 0.5 0.9 0.7
63.0721094737162 0.892147189697909 0.700740448740102 0.252065125030447 77.4345847020623 69.0721094737162 99 0.7 0.9 0.7
108.136796289791 0.240698546732794 0.350063256129554 0.219181753532086 122.499271518137 114.136796289791 100 0.9 0.9 0.7
23.1089862982012 0.283994935721503 0.0436797403438767 0.9 37.4714615265473 29.1089862982012 101 0.1 0.1 0.9
47.6524607948145 0.9 0.0802842450360544 0.9 62.0149360231607 53.6524607948145 102 0.3 0.1 0.9
64.9792474052081 0.9 0.0381694185835707 0.9 79.3417226335543 70.9792474052081 103 0.5 0.1 0.9
25.5436545688553 0.001 0.130338661320499 0.9 39.9061297972014 31.5436545688553 104 0.7 0.1 0.9
26.2002865379522 0.9 0.107485214885422 0.9 40.5627617662983 32.2002865379522 105 0.9 0.1 0.9
58.4935342363248 0.0820598518796712 0.191611855510101 0.559996779452356 72.8560094646709 64.4935342363248 106 0.1 0.3 0.9
58.7522843884894 0.9 0.595910644358984 0.271999998083351 73.1147596168355 64.7522843884894 107 0.3 0.3 0.9
39.6124053868265 0.443412094339007 0.0892195349401719 0.9 53.9748806151727 45.6124053868265 108 0.5 0.3 0.9
41.0982767758144 0.0932429364882437 0.11863038414532 0.9 55.4607520041605 47.0982767758144 109 0.7 0.3 0.9
44.5967170765329 0.9 0.0902411488058215 0.9 58.959192304879 50.5967170765329 110 0.9 0.3 0.9
147.875388848583 0.271692965365548 0.414946856017341 0.122858409710495 162.237864076929 153.875388848583 111 0.1 0.5 0.9
59.2795185493699 0.181985426337217 0.439618669015251 0.409768082192181 73.6419937777161 65.27951854937 112 0.3 0.5 0.9
49.0585309148501 0.9 0.469445271797838 0.280265096817697 63.4210061431962 55.0585309148501 113 0.5 0.5 0.9
73.176816566127 0.108578379062611 0.142708887541501 0.759887114226788 87.5392917944731 79.176816566127 114 0.7 0.5 0.9
80.7109907680479 0.140692503068322 0.0698792712878012 0.9 95.073465996394 86.7109907680479 115 0.9 0.5 0.9
114.920540298597 0.001 0.9 0.251079716546279 129.283015526943 120.920540298597 116 0.1 0.7 0.9
86.705429549929 0.9 0.692789441100618 0.162627563970697 101.067904778275 92.705429549929 117 0.3 0.7 0.9
44.1418185789299 0.797312284170793 0.299281226405125 0.341430189869036 58.5042938072761 50.1418185789299 118 0.5 0.7 0.9
72.7386113598257 0.238244446101742 0.300422103380535 0.434582846697388 87.1010865881719 78.7386113598257 119 0.7 0.7 0.9
49.3594170871314 0.9 0.729738119565298 0.266536609754713 63.7218923154775 55.3594170871314 120 0.9 0.7 0.9
166.360463657345 0.001 0.001 0.001 180.722938885691 172.360463657345 121 0.1 0.9 0.9
151.760366392073 0.62524874322915 0.001 0.0993186804035381 166.122841620419 157.760366392073 122 0.3 0.9 0.9
119.253223485863 0.550535059863041 0.773932736698765 0.136456110593059 133.615698714209 125.253223485863 123 0.5 0.9 0.9
118.366233902323 0.9 0.9 0.1144619620501 132.728709130669 124.366233902323 124 0.7 0.9 0.9
87.6814940185237 0.0632236427499398 0.191494701243624 0.440143956456695 102.04396924687 93.6814940185237 125 0.9 0.9 0.9
