159.951417028486 0.00623445652088369 1 169.52640051405 163.951417028486 1 0.1 0.1
147.529153463722 0.315174849404079 0.0986122977246105 157.104136949286 151.529153463722 2 0.2 0.1
154.407331811443 0.160491320954319 0.11994937680714 163.982315297008 158.407331811443 3 0.3 0.1
159.73423480009 0.335954645828397 0.0738260209943784 169.309218285654 163.73423480009 4 0.4 0.1
138.401985533127 0.544153801387446 0.0879207020882239 147.976969018691 142.401985533127 5 0.5 0.1
113.731691594315 1 0.106972395999038 123.306675079879 117.731691594315 6 0.6 0.1
123.597904826544 0.257340977885811 0.160982817921524 133.172888312108 127.597904826544 7 0.7 0.1
115.356062217946 1 0.0991139285800521 124.93104570351 119.356062217946 8 0.8 0.1
117.22239800758 1 0.108859949707279 126.797381493144 121.22239800758 9 0.9 0.1
133.96752570557 0.904512647592075 0.0915801143788945 143.542509191134 137.96752570557 10 1 0.1
149.05060459022 0.164365840044942 0.131675166984882 158.625588075784 153.05060459022 11 0.1 0.2
118.027507640527 0.312705788258364 0.143350036640141 127.602491126091 122.027507640527 12 0.2 0.2
136.441503108555 0.466440767853493 0.117452313199628 146.016486594119 140.441503108555 13 0.3 0.2
103.683005616138 0.46567943997969 0.163688818072507 113.257989101702 107.683005616138 14 0.4 0.2
98.4202235145085 0.698667154661319 0.190009753584548 107.995207000073 102.420223514509 15 0.5 0.2
71.2309688217221 0.655092534720836 0.299645469216145 80.8059523072861 75.2309688217221 16 0.6 0.2
88.072211588708 0.558012787899234 0.252266010057453 97.6471950742721 92.072211588708 17 0.7 0.2
77.8235337940894 0.807544796647685 0.234178392980682 87.3985172796535 81.8235337940894 18 0.8 0.2
68.4204066593216 0.953152658617716 0.727122455385469 77.9953901448857 72.4204066593216 19 0.9 0.2
97.4194833377595 1 0.15975677351891 106.994466823324 101.41948333776 20 1 0.2
92.6469982985735 0.166834269388123 0.252787898374037 102.221981784138 96.6469982985735 21 0.1 0.3
103.041005496374 0.208115838539158 0.286394314183442 112.615988981938 107.041005496374 22 0.2 0.3
65.2795322882783 0.22913209995464 0.365997777510881 74.8545157738424 69.2795322882783 23 0.3 0.3
78.0743121239225 0.410564149446514 0.31965683356364 87.6492956094866 82.0743121239225 24 0.4 0.3
75.079110732042 0.550872668817729 0.266649700484351 84.6540942176061 79.079110732042 25 0.5 0.3
70.7892015605985 0.698225486591395 0.307865844473572 80.3641850461626 74.7892015605985 26 0.6 0.3
76.283380808307 0.791390976129203 0.273677427011117 85.8583642938711 80.283380808307 27 0.7 0.3
72.4264455972264 0.865933489461184 0.311798291677976 82.0014290827905 76.4264455972264 28 0.8 0.3
58.5445033505346 0.686454051467482 0.307696966530104 68.1194868360987 62.5445033505346 29 0.9 0.3
84.8375527332628 1 0.220081427449259 94.4125362188269 88.8375527332628 30 1 0.3
100.761505960784 0.0481328577595246 0.622746291993552 110.336489446348 104.761505960784 31 0.1 0.4
59.9117462754034 0.145233172866495 0.602110750537499 69.4867297609675 63.9117462754034 32 0.2 0.4
91.1033488342262 0.325457774579009 0.287181520115533 100.67833231979 95.1033488342262 33 0.3 0.4
38.1696552869455 0.556245171758607 0.364460498612133 47.7446387725096 42.1696552869455 34 0.4 0.4
33.6172683333109 0.459590624909561 0.527359640863905 43.192251818875 37.6172683333109 35 0.5 0.4
44.2208033383294 0.849483687134947 1 53.7957868238935 48.2208033383294 36 0.6 0.4
54.3723302093913 0.815108416008879 0.352409575035945 63.9473136949554 58.3723302093913 37 0.7 0.4
45.4611549479891 0.93912519101624 1 55.0361384335532 49.4611549479891 38 0.8 0.4
51.3272494361247 0.940025845638814 0.773781213469273 60.9022329216888 55.3272494361247 39 0.9 0.4
76.2469164789529 1 1 85.821899964517 80.2469164789529 40 1 0.4
91.1296848973892 0.110501691864795 0.469652047645268 100.704668382953 95.1296848973892 41 0.1 0.5
57.0844819468008 0.210210799508499 0.639029810108307 66.6594654323649 61.0844819468008 42 0.2 0.5
67.7514761601845 0.314811658504049 0.438228948274667 77.3264596457486 71.7514761601845 43 0.3 0.5
38.0706415972966 0.374777770405526 0.554445558418658 47.6456250828607 42.0706415972966 44 0.4 0.5
37.1588577570369 0.495487408889586 0.740586052351204 46.733841242601 41.1588577570369 45 0.5 0.5
40.1336014777381 0.833419542495786 0.648538044879472 49.7085849633022 44.1336014777381 46 0.6 0.5
26.6584000133351 0.710775901070129 0.778184850375638 36.2333834988992 30.6584000133351 47 0.7 0.5
62.1121164450875 0.929188537609157 0.664377303279115 71.6870999306516 66.1121164450875 48 0.8 0.5
74.2287893479199 0.915291172239228 1 83.803772833484 78.2287893479199 49 0.9 0.5
66.5428559799698 1 1 76.1178394655339 70.5428559799698 50 1 0.5
42.289132368966 0.0624347779032466 1 51.86411585453 46.289132368966 51 0.1 0.6
56.1363524656049 0.181731734426301 0.52746591336216 65.711335951169 60.1363524656049 52 0.2 0.6
51.3900627356927 0.348194018051346 0.522416303167967 60.9650462212568 55.3900627356927 53 0.3 0.6
43.7511007316704 0.412977213412687 0.60257823545582 53.3260842172345 47.7511007316704 54 0.4 0.6
31.086650435646 0.556437914096439 0.932758976158668 40.6616339212101 35.086650435646 55 0.5 0.6
21.6543482043263 0.578701195738831 1 31.2293316898904 25.6543482043263 56 0.6 0.6
34.1951427706734 0.5967935624639 0.515638051249381 43.7701262562375 38.1951427706734 57 0.7 0.6
49.6682249193792 0.827219121097505 0.587027711073804 59.2432084049433 53.6682249193792 58 0.8 0.6
72.7765418335844 0.951015575217788 1 82.3515253191485 76.7765418335844 59 0.9 0.6
54.0680226405141 1 1 63.6430061260782 58.0680226405141 60 1 0.6
55.0198560845415 0.0504077968548849 1 64.5948395701056 59.0198560845415 61 0.1 0.7
36.3924473630824 0.165089277441136 0.905321391669358 45.9674308486465 40.3924473630824 62 0.2 0.7
41.0930206516955 0.418001654608559 0.598863513125171 50.6680041372596 45.0930206516955 63 0.3 0.7
16.6608053611631 0.644721177776914 1 26.2357888467272 20.6608053611631 64 0.4 0.7
42.1331671529046 0.411705630291848 0.586282936934743 51.7081506384687 46.1331671529046 65 0.5 0.7
37.1767825498256 0.413196534918693 0.586285577268234 46.7517660353897 41.1767825498256 66 0.6 0.7
34.6282616898683 0.715885541463617 0.791457484439479 44.2032451754324 38.6282616898683 67 0.7 0.7
34.0562678876758 0.77170982471313 1 43.6312513732399 38.0562678876758 68 0.8 0.7
31.5009093964599 0.698506476164327 0.663819171615175 41.075892882024 35.5009093964599 69 0.9 0.7
50.3073904592857 0.971179948896404 0.882924292671791 59.8823739448498 54.3073904592857 70 1 0.7
44.8401411243756 0.107169053867746 1 54.4151246099397 48.8401411243756 71 0.1 0.8
22.2382693447803 0.237411424699555 1 31.8132528303444 26.2382693447803 72 0.2 0.8
26.7371530182978 0.326554599394732 0.903503672477361 36.3121365038619 30.7371530182978 73 0.3 0.8
26.5741962373373 0.385684651560749 1 36.1491797229014 30.5741962373373 74 0.4 0.8
24.256553559824 0.470634004037814 1 33.8315370453881 28.256553559824 75 0.5 0.8
30.857609259938 0.691948426455538 1 40.4325927455021 34.857609259938 76 0.6 0.8
32.4085381334892 0.786854146633136 1 41.9835216190533 36.4085381334892 77 0.7 0.8
39.9587761334778 0.763589254579961 1 49.5337596190419 43.9587761334778 78 0.8 0.8
42.8152688499225 0.959221549897238 1 52.3902523354866 46.8152688499225 79 0.9 0.8
52.6619911115638 0.996439803924158 1 62.2369745971279 56.6619911115638 80 1 0.8
58.2142560876657 0.0750486820360659 1 67.7892395732298 62.2142560876657 81 0.1 0.9
37.1305148770209 0.16436815707472 1 46.705498362585 41.1305148770209 82 0.2 0.9
27.9901917399077 0.181641790335593 0.983251681746985 37.5651752254718 31.9901917399077 83 0.3 0.9
28.99864075403 0.413603148952593 0.901509987042476 38.5736242395941 32.99864075403 84 0.4 0.9
20.7336355025705 0.655896209499742 1 30.3086189881346 24.7336355025705 85 0.5 0.9
27.2242884288521 0.472464471301025 0.743906054335524 36.7992719144162 31.2242884288521 86 0.6 0.9
65.9637760096923 0.813582882887665 0.898017171685209 75.5387594952564 69.9637760096923 87 0.7 0.9
49.9071944089786 0.576985892955898 0.981990019636608 59.4821778945427 53.9071944089786 88 0.8 0.9
24.7286488233184 0.584778011605347 1 34.3036323088825 28.7286488233184 89 0.9 0.9
80.405981137298 1 1 89.9809646228621 84.405981137298 90 1 0.9
66.6718370535953 0.0942205759871583 1 76.2468205391594 70.6718370535953 91 0.1 1
31.8696278378653 0.189885566536793 1 41.4446113234294 35.8696278378653 92 0.2 1
12.6262144704803 0.375083808277182 1 22.2011979560444 16.6262144704803 93 0.3 1
36.099808283276 0.432622169760761 0.963076539482747 45.6747917688401 40.099808283276 94 0.4 1
25.4500756019729 0.683488726596181 0.850646999244606 35.025059087537 29.4500756019729 95 0.5 1
29.8755178372367 0.685743447113722 0.83081808949031 39.4505013228008 33.8755178372367 96 0.6 1
26.5960161615601 0.652815245613311 1 36.1709996471242 30.5960161615601 97 0.7 1
28.0623742801181 0.734112930507851 1 37.6373577656822 32.0623742801181 98 0.8 1
26.0073700274834 0.718678742143521 0.693366983670669 35.5823535130475 30.0073700274834 99 0.9 1
57.3089466579619 0.96243975806853 0.733003409195255 66.883930143526 61.3089466579619 100 1 1
