162.969191403526 0.00235046068067795 1.9785432160399 172.544174889091 166.969191403526 1 0.1 0.1
158.293779152269 0.006029615999389 1.12978849782352 167.868762637833 162.293779152269 2 0.2 0.1
158.626210507071 0.575347656910362 0.0446362974083286 168.201193992635 162.626210507071 3 0.3 0.1
128.449985978236 0.504010544466728 0.120046983442998 138.0249694638 132.449985978236 4 0.4 0.1
120.968669031949 0.493229608955564 0.118024040247635 130.543652517513 124.968669031949 5 0.5 0.1
121.847284808518 0.307833381374101 0.174082137732236 131.422268294082 125.847284808518 6 0.6 0.1
125.821613748329 0.597513391835415 0.104181406362644 135.396597233893 129.821613748329 7 0.7 0.1
113.505650024301 0.779455475528976 0.110439034971069 123.080633509865 117.505650024301 8 0.8 0.1
124.321731882394 0.814349751998622 0.114785246066132 133.896715367958 128.321731882394 9 0.9 0.1
119.735600730419 1 0.100769713581543 129.310584215984 123.735600730419 10 1 0.1
80.5348774296672 0.0120186246021548 3.31902432162435 90.1098609152313 84.5348774296672 11 0.1 0.4
76.7219151003723 0.138166288252408 0.698642196440701 86.2968985859364 80.7219151003723 12 0.2 0.4
76.0041386767625 0.232037128859783 0.396416280221409 85.5791221623265 80.0041386767625 13 0.3 0.4
69.1929539781595 0.403238342795414 0.378567451049259 78.7679374637236 73.1929539781595 14 0.4 0.4
39.9253058996765 0.611307226669499 0.513512849892101 49.5002893852405 43.9253058996765 15 0.5 0.4
41.9554217852767 0.995884849075446 14.9726449793939 51.5304052708408 45.9554217852767 16 0.6 0.4
55.5201403904345 0.747696420101349 0.358033432727365 65.0951238759986 59.5201403904345 17 0.7 0.4
55.843966184129 0.61343043096725 0.331655008753754 65.418949669693 59.843966184129 18 0.8 0.4
69.9972871910839 0.998101561809863 14.9999999579866 79.572270676648 73.9972871910839 19 0.9 0.4
66.5421293337547 1 15 76.1171128193188 70.5421293337547 20 1 0.4
53.8579107837595 0.0767127535115071 0.838475100007207 63.4328942693235 57.8579107837595 21 0.1 0.7
29.1953273158427 0.240481612571084 0.713484263406616 38.7703108014068 33.1953273158427 22 0.2 0.7
46.4731514044095 0.272975436368882 0.601556971211167 56.0481348899736 50.4731514044095 23 0.3 0.7
43.9287404836853 0.461611737750494 0.413713689692959 53.5037239692494 47.9287404836853 24 0.4 0.7
36.8663901642529 0.461570448358938 0.581211656377504 46.441373649817 40.8663901642529 25 0.5 0.7
34.5906902136857 0.989905890553543 14.9071302895797 44.1656736992498 38.5906902136857 26 0.6 0.7
38.9232429272117 0.779866934809311 0.854220014078738 48.4982264127758 42.9232429272117 27 0.7 0.7
46.4617626707955 0.993383096054605 14.9651980819738 56.0367461563596 50.4617626707955 28 0.8 0.7
30.2983761931585 0.991785979607673 14.8806391971545 39.8733596787225 34.2983761931584 29 0.9 0.7
62.383246250395 1 15 71.9582297359591 66.383246250395 30 1 0.7
49.4787492108314 0.0194180785494674 4.82305415211214 59.0537326963955 53.4787492108314 31 0.1 1
39.8084438054633 0.145207095366318 1.20189208363892 49.3834272910274 43.8084438054633 32 0.2 1
25.7613779639597 0.313648704437213 0.855234350735286 35.3363614495238 29.7613779639597 33 0.3 1
23.864592313008 0.336097615160604 1.68720018656225 33.4395757985721 27.864592313008 34 0.4 1
19.3395514346162 0.466382815290895 1.5687202311419 28.9145349201803 23.3395514346162 35 0.5 1
25.2043592632772 0.620080955647608 1.00650027812717 34.7793427488413 29.2043592632772 36 0.6 1
37.3231485982118 0.980409735757628 12.9650381928062 46.8981320837759 41.3231485982118 37 0.7 1
28.8786044966036 0.590066878254439 0.841309836955216 38.4535879821677 32.8786044966036 38 0.8 1
49.0670424513449 0.994066375322973 14.9940518614515 58.642025936909 53.0670424513449 39 0.9 1
49.9294340896478 0.996816175877943 14.880883871235 59.5044175752119 53.9294340896478 40 1 1
10.1606682546332 0.0321940453049879 15 19.7356517401973 14.1606682546332 41 0.1 3
42.4694433324136 0.993574309338822 14.9784748781451 52.0444268179777 46.4694433324136 42 0.2 3
11.2254032062457 0.277562891757214 3.11988112502443 20.8003866918098 15.2254032062457 43 0.3 3
6.93304031864692 0.446275650586002 15 16.508023804211 10.9330403186469 44 0.4 3
7.41293848063237 0.49274173529885 15 16.9879219661965 11.4129384806324 45 0.5 3
11.8798998546369 0.752896666307474 15 21.454883340201 15.8798998546369 46 0.6 3
18.540769055795 0.748992913375605 15 28.1157525413591 22.540769055795 47 0.7 3
32.247447216634 0.985696694708118 14.5863930213732 41.8224307021981 36.247447216634 48 0.8 3
9.70658771908702 0.569308916374949 15 19.2815712046511 13.706587719087 49 0.9 3
51.2928913614359 1 15 60.867874847 55.2928913614359 50 1 3
11.1605175872058 0.0435351139393566 15 20.7355010727699 15.1605175872058 51 0.1 5
10.3404152407347 0.230209756024089 15 19.9153987262988 14.3404152407347 52 0.2 5
6.93213422760738 0.346895780536732 15 16.5071177131715 10.9321342276074 53 0.3 5
6.93337407742695 0.378800901827881 15 16.508357562991 10.933374077427 54 0.4 5
11.2470468946912 0.495101088065351 6.91750322246663 20.8220303802552 15.2470468946912 55 0.5 5
8.37293726610506 0.67423141385637 15 17.9479207516692 12.3729372661051 56 0.6 5
22.673075353348 0.863780250215982 15 32.2480588389121 26.673075353348 57 0.7 5
26.5274654520493 0.862303969795541 15 36.1024489376134 30.5274654520493 58 0.8 5
24.0500261543817 0.966100053801215 15 33.6250096399458 28.0500261543817 59 0.9 5
55.618186559706 0.998158076379828 15 65.1931700452701 59.618186559706 60 1 5
8.37189859691771 0.0455377039966235 15 17.9468820824818 12.3718985969177 61 0.1 7
39.5647640360656 0.991816169009265 14.9755920413416 49.1397475216297 43.5647640360656 62 0.2 7
5.55154492263252 0.358928591710481 15 15.1265284081966 9.55154492263252 63 0.3 7
5.86908899749522 0.45483041494941 15 15.4440724830593 9.86908899749522 64 0.4 7
5.54538248930889 0.451004164437811 15 15.120365974873 9.54538248930889 65 0.5 7
12.1302102107912 0.841656154732452 15 21.7051936963552 16.1302102107912 66 0.6 7
7.18106197388678 0.763808583958718 15 16.7560454594509 11.1810619738868 67 0.7 7
12.2760132863195 0.764060388203681 10.2364573971252 21.8509967718836 16.2760132863195 68 0.8 7
15.2411476234592 0.956177254299039 15 24.8161311090233 19.2411476234592 69 0.9 7
62.383246250395 1 15 71.9582297359591 66.383246250395 70 1 7
6.93150502008503 0.0929741839238742 15 16.5064885056491 10.931505020085 71 0.1 10
6.93389077872012 0.163368033903126 15 16.5088742642842 10.9338907787201 72 0.2 10
10.4137663073471 0.334308513438935 15 19.9887497929111 14.4137663073471 73 0.3 10
8.19694952940651 0.402751628244755 15 17.7719330149706 12.1969495294065 74 0.4 10
6.93638963171209 0.542586073159043 15 16.5113731172762 10.9363896317121 75 0.5 10
5.54806441511435 0.534301864633678 15 15.1230479006784 9.54806441511435 76 0.6 10
7.39431478250211 0.724773141892205 15 16.9692982680662 11.3943147825021 77 0.7 10
23.2799467843605 0.83097643258503 15 32.8549302699246 27.2799467843605 78 0.8 10
24.6515849291124 0.853634027067893 3.84022000816454 34.2265684146765 28.6515849291124 79 0.9 10
72.0873067782343 1 15 81.6622902637983 76.0873067782343 80 1 10
5.54641554766256 0.227088502525318 15 15.1213990332267 9.54641554766256 81 0.1 15
12.4766969177779 0.283267238016165 15 22.051680403342 16.4766969177779 82 0.2 15
5.54527954690138 0.311237027576606 15 15.1202630324655 9.54527954690138 83 0.3 15
10.9673184155077 0.408140806663757 15 20.5423019010718 14.9673184155077 84 0.4 15
6.96069039738951 0.523911223686586 15 16.5356738829536 10.9606903973895 85 0.5 15
9.81102864996665 0.80792065873145 15 19.3860121355307 13.8110286499667 86 0.6 15
15.6460170576352 0.632312357425813 4.78021852756301 25.2210005431993 19.6460170576352 87 0.7 15
12.5714033475731 0.33592390758041 15 22.1463868331372 16.5714033475731 88 0.8 15
14.4072604547796 0.843763114723432 15 23.9822439403437 18.4072604547796 89 0.9 15
48.3441333881633 0.999350713168334 15 57.9191168737274 52.3441333881633 90 1 15
