184.329579773463 0.150046949922564 0.5 192.071981795279 188.329579773463
108.462277452138 0.205243994683383 0.5 116.204679473954 112.462277452138
108.783177117066 0.25670717894425 0.5 116.525579138882 112.783177117066
74.0870689612838 0.527884370284537 0.5 81.8294709830996 78.0870689612838
72.5063801758089 0.586881586306936 0.5 80.2487821976246 76.5063801758089
140.298841866477 0.718774122082969 0.463161184752603 148.041243888293 144.298841866477
143.426306680228 0.810472930996568 0.5 151.168708702044 147.426306680228
171.264252790222 0.893169347979674 0.5 179.006654812038 175.264252790222
154.112072284776 0.922584517317438 0.5 161.854474306592 158.112072284776
195.056901670338 0.98047527364399 0.5 202.799303692154 199.056901670338
