1324.34464936619 0.137925638228581 0.100364437729605 1338.31408200643 1328.34464936619 1 0.1 0.1
1311.80648162935 0.220696943352994 0.0888260248828163 1325.77591426958 1315.80648162935 2 0.2 0.1
1283.82534363912 0.242432820564911 0.104964040029381 1297.79477627936 1287.82534363912 3 0.3 0.1
1207.91864597013 0.549846842172633 0.0921569791177872 1221.88807861037 1211.91864597013 4 0.4 0.1
1233.01096625246 0.549881679454044 0.0868213494016751 1246.9803988927 1237.01096625246 5 0.5 0.1
1134.49527930618 0.474096971741194 0.122434569929838 1148.46471194642 1138.49527930618 6 0.6 0.1
1198.94554280046 0.713450902704114 0.0944538370467443 1212.9149754407 1202.94554280046 7 0.7 0.1
1118.36931290342 0.703123653368917 0.106161125782737 1132.33874554366 1122.36931290342 8 0.8 0.1
1065.70747177488 0.823370598160012 0.110853710404419 1079.67690441511 1069.70747177488 9 0.9 0.1
1052.86885999252 0.983529457813489 0.103948009201519 1066.83829263275 1056.86885999252 10 1 0.1
606.055456255677 0.125632539670701 0.385887510183082 620.024888895913 610.055456255677 11 0.1 0.4
596.729162158743 0.243096092362361 0.355235361182539 610.698594798979 600.729162158743 12 0.2 0.4
469.705305338195 0.281000377064381 0.410068355182342 483.674737978432 473.705305338195 13 0.3 0.4
308.49552708454 0.447200932174691 0.447198636144328 322.464959724776 312.49552708454 14 0.4 0.4
329.518958210044 0.511469448266028 0.443955816083393 343.488390850281 333.518958210044 15 0.5 0.4
347.537148864077 0.614897641105295 0.398248424171395 361.506581504313 351.537148864077 16 0.6 0.4
437.402351810157 0.695863541843468 0.385667160699811 451.371784450393 441.402351810157 17 0.7 0.4
378.819767376686 0.813402988026584 0.502443247102684 392.789200016922 382.819767376686 18 0.8 0.4
530.494026373231 0.897892631184671 0.394132046146787 544.463459013468 534.494026373231 19 0.9 0.4
597.824135897392 0.997001488284368 0.418191539564349 611.793568537629 601.824135897392 20 1 0.4
321.225244350477 0.136115336476125 0.670800110814413 335.194676990713 325.225244350477 21 0.1 0.7
327.704103580404 0.221033860988794 0.677105095110135 341.67353622064 331.704103580404 22 0.2 0.7
294.951814346535 0.277024477288208 0.723547397532867 308.921246986772 298.951814346535 23 0.3 0.7
192.648939372529 0.439786644342637 0.736966344624984 206.618372012766 196.648939372529 24 0.4 0.7
227.709631873595 0.465462462684994 0.710102689201775 241.679064513831 231.709631873595 25 0.5 0.7
262.881155607213 0.621544392208624 0.608130950051865 276.850588247449 266.881155607213 26 0.6 0.7
240.030849736691 0.722319316352025 0.755051386358358 254.000282376927 244.030849736691 27 0.7 0.7
351.624579276531 0.9873127926271 9.97590266547005 365.594011916767 355.624579276531 28 0.8 0.7
465.65278280165 0.904476714633397 0.648042809344022 479.622215441886 469.65278280165 29 0.9 0.7
506.565817054135 0.998943777170994 9.99996909333938 520.535249694371 510.565817054135 30 1 0.7
267.679380726115 0.0673137884067838 1.18543984421981 281.648813366351 271.679380726115 31 0.1 1
174.587512851001 0.19458917163688 1.0829291016327 188.556945491238 178.587512851001 32 0.2 1
145.226110858119 0.312972436678583 1.04477186196823 159.195543498355 149.226110858119 33 0.3 1
179.919335775706 0.385820772355265 0.963506477540908 193.888768415942 183.919335775706 34 0.4 1
197.532762194794 0.471128734895785 0.964624658767401 211.502194835031 201.532762194794 35 0.5 1
192.484646353877 0.640745970628208 1.11019322925132 206.454078994114 196.484646353877 36 0.6 1
204.952130156034 0.773740772144005 1.24542017509142 218.921562796271 208.952130156034 37 0.7 1
231.599249624396 0.978066910193179 9.76036808218273 245.568682264633 235.599249624396 38 0.8 1
431.243969452244 0.99116248004467 9.99544963161512 445.21340209248 435.243969452244 39 0.9 1
504.611147447641 1 10 518.580580087878 508.611147447641 40 1 1
103.818325760911 0.115031067992462 2.78056661168743 117.787758401148 107.818325760911 41 0.1 3
74.7302534919085 0.20753710275477 3.35539367741807 88.699686132145 78.7302534919085 42 0.2 3
73.0045735700431 0.305235002876986 3.05762625974461 86.9740062102797 77.0045735700431 43 0.3 3
65.258546016673 0.404559329573432 2.91497988594871 79.2279786569095 69.258546016673 44 0.4 3
93.3985118307456 0.529341872148334 3.73564316319652 107.367944470982 97.3985118307456 45 0.5 3
88.7559861920695 0.564446644184083 3.00614377257208 102.725418832306 92.7559861920695 46 0.6 3
148.094647134728 0.680078729975533 2.28180255039336 162.064079774965 152.094647134728 47 0.7 3
134.012013429493 0.894423492865649 7.33594605076518 147.981446069729 138.012013429493 48 0.8 3
223.151235724023 0.954400683743631 7.30030108941242 237.12066836426 227.151235724023 49 0.9 3
535.109623392279 1 10 549.079056032515 539.109623392279 50 1 3
76.1405904639414 0.100729447230207 3.43479806529201 90.110023104178 80.1405904639414 51 0.1 5
66.8683567977052 0.19974215065701 5.82859235352191 80.8377894379418 70.8683567977052 52 0.2 5
69.5023496422723 0.307683722297776 4.52375004978703 83.4717822825089 73.5023496422723 53 0.3 5
65.0927882331827 0.372976167152562 3.90572493567539 79.0622208734192 69.0927882331827 54 0.4 5
67.1645086820838 0.535487491397039 3.55597493559204 81.1339413223204 71.1645086820838 55 0.5 5
44.1580667957042 0.599501479707423 10 58.1274994359407 48.1580667957042 56 0.6 5
74.0297636941538 0.553701053230973 3.19159720599261 87.9991963343903 78.0297636941538 57 0.7 5
119.873915662432 0.853684974229105 10 133.843348302669 123.873915662432 58 0.8 5
161.833450620378 0.913970411498017 9.65926509492504 175.802883260614 165.833450620378 59 0.9 5
513.083509921967 0.999231897852098 9.99998073656918 527.052942562203 517.083509921967 60 1 5
47.7370204643305 0.104313465057856 6.81455752685321 61.7064531045671 51.7370204643305 61 0.1 7
47.3246388600306 0.189410281286765 10 61.2940715002672 51.3246388600306 62 0.2 7
34.2078705084677 0.305057943163758 10 48.1773031487042 38.2078705084677 63 0.3 7
46.3065946685769 0.394857388913151 9.61648308095592 60.2760273088134 50.3065946685769 64 0.4 7
53.1388873298799 0.502929021203139 10 67.1083199701164 57.1388873298799 65 0.5 7
71.3558607672633 0.609894650991821 7.02967684137659 85.3252934074998 75.3558607672633 66 0.6 7
70.5730593886666 0.580157950934715 3.68505177069425 84.5424920289031 74.5730593886666 67 0.7 7
108.616708450596 0.788062820947236 9.75200134535485 122.586141090832 112.616708450596 68 0.8 7
83.0667368482374 0.791293332816135 4.74408776207562 97.0361694884739 87.0667368482374 69 0.9 7
543.427389558998 1 10 557.396822199235 547.427389558998 70 1 7
50.9002476539553 0.127729314588636 10 64.8696802941919 54.9002476539553 71 0.1 10
36.665836165116 0.199223344827014 10 50.6352688053526 40.665836165116 72 0.2 10
51.0002820990572 0.300017808086638 8.64552915853427 64.9697147392937 55.0002820990572 73 0.3 10
51.374763324214 0.391098365986211 10 65.3441959644505 55.374763324214 74 0.4 10
46.8039749489372 0.486772400997698 7.32336669474541 60.7734075891737 50.8039749489372 75 0.5 10
54.2935515169674 0.638690329838129 10 68.2629841572039 58.2935515169674 76 0.6 10
46.7713157718872 0.666433905075567 10 60.7407484121238 50.7713157718872 77 0.7 10
90.6454496787565 0.698799643073868 4.93122983291949 104.614882318993 94.6454496787565 78 0.8 10
169.661847685329 0.903455111382476 10 183.631280325565 173.661847685329 79 0.9 10
529.194686448296 0.998578579781257 10 543.164119088533 533.194686448296 80 1 10
