918.423121527331 0.0534137984222924 0.128107759122372 931.581623951351 922.423121527331 1 0.1 0.1
843.46494052582 0.237674860887838 0.107612071830012 856.62344294984 847.46494052582 2 0.2 0.1
866.759257390111 0.184996060531588 0.0976690028716425 879.917759814131 870.759257390111 3 0.3 0.1
837.642238435517 0.425747982725171 0.0905094608589669 850.800740859537 841.642238435517 4 0.4 0.1
796.87866110887 0.534830651881426 0.0990132901929266 810.03716353289 800.87866110887 5 0.5 0.1
762.474764151465 0.515080915564558 0.111407216120357 775.633266575485 766.474764151465 6 0.6 0.1
790.335663470869 0.746829389739143 0.0942890869514086 803.494165894889 794.335663470869 7 0.7 0.1
752.348988466175 0.777886162051205 0.104888950244138 765.507490890195 756.348988466175 8 0.8 0.1
793.396246516298 0.866367470156594 0.0872026965344948 806.554748940318 797.396246516298 9 0.9 0.1
692.080761704265 0.919123993470599 0.110672587664927 705.239264128285 696.080761704265 10 1 0.1
456.049253685508 0.104525377771585 0.398454387341706 469.207756109528 460.049253685508 11 0.1 0.4
349.658253405087 0.19195243684443 0.392750190518973 362.816755829107 353.658253405087 12 0.2 0.4
376.391789177054 0.347656845436827 0.349526392570151 389.550291601074 380.391789177054 13 0.3 0.4
246.344868763096 0.435491965720321 0.387225246717986 259.503371187117 250.344868763096 14 0.4 0.4
250.596885586824 0.496080974249579 0.412557701264383 263.755388010844 254.596885586824 15 0.5 0.4
253.25189040752 0.636034087780435 0.347601511891731 266.41039283154 257.25189040752 16 0.6 0.4
290.668468470178 0.745055126005795 0.378119392864616 303.826970894199 294.668468470178 17 0.7 0.4
292.017531500738 0.992295956000976 9.84009630915283 305.176033924758 296.017531500738 18 0.8 0.4
636.713667213205 0.001 10 649.872169637225 640.713667213205 19 0.9 0.4
379.844654946851 1 10 393.003157370871 383.844654946851 20 1 0.4
196.101765335813 0.115879048129959 0.647053665695648 209.260267759833 200.101765335813 21 0.1 0.7
232.632985444914 0.162635547083435 0.657393770980131 245.791487868934 236.632985444914 22 0.2 0.7
174.417473751281 0.274913386016185 0.705639377799025 187.575976175301 178.417473751281 23 0.3 0.7
161.204502341813 0.380697457513478 0.778326186893398 174.363004765834 165.204502341813 24 0.4 0.7
130.974515174459 0.513290504314073 0.817033200970831 144.133017598479 134.974515174459 25 0.5 0.7
157.681886444562 0.553526037188783 0.671541123262563 170.840388868582 161.681886444562 26 0.6 0.7
162.265148859461 0.704328189344869 0.693086812112165 175.423651283481 166.265148859461 27 0.7 0.7
220.369890738365 0.990418654743961 9.80464738630361 233.528393162386 224.369890738365 28 0.8 0.7
239.973893497601 0.827557168678157 0.631149088401206 253.132395921622 243.973893497601 29 0.9 0.7
361.02107680248 0.998402499867905 10 374.179579226501 365.02107680248 30 1 0.7
182.031661823041 0.123496390879623 1.00123084307902 195.190164247061 186.031661823041 31 0.1 1
140.055638993388 0.185652740766275 1.08883184923283 153.214141417408 144.055638993388 32 0.2 1
108.088814904795 0.310817762953778 0.874451943817611 121.247317328815 112.088814904795 33 0.3 1
117.356083182456 0.444010368142708 1.03538121349225 130.514585606476 121.356083182456 34 0.4 1
77.2060426900089 0.506464388032228 1.40374145345471 90.3645451140291 81.2060426900089 35 0.5 1
136.675530101579 0.562896879764108 1.02735832182326 149.8340325256 140.675530101579 36 0.6 1
158.013314933661 0.663622362128666 0.841614335840666 171.171817357681 162.013314933661 37 0.7 1
197.78199637905 0.984641631791722 9.73969148238108 210.94049880307 201.78199637905 38 0.8 1
309.534360429886 0.992710125272706 9.99755388603225 322.692862853906 313.534360429886 39 0.9 1
408.956836530369 1 10 422.115338954389 412.956836530369 40 1 1
81.643700671124 0.0909429883094479 2.41055253914602 94.8022030951442 85.643700671124 41 0.1 3
55.365538436887 0.193063160893106 2.68719744902553 68.5240408609072 59.365538436887 42 0.2 3
35.2121830659522 0.315065104987926 6.95539320738107 48.3706854899724 39.2121830659522 43 0.3 3
52.9300583533005 0.398890603421655 2.21954163576881 66.0885607773207 56.9300583533005 44 0.4 3
56.8369691616589 0.528116699240202 2.61690683717785 69.9954715856791 60.8369691616589 45 0.5 3
46.5626987639863 0.59627994827649 3.61287685554275 59.7212011880065 50.5626987639863 46 0.6 3
63.610216982814 0.82337249596325 10 76.7687194068342 67.610216982814 47 0.7 3
96.1018458902506 0.722428615879446 1.9359881271001 109.260348314271 100.101845890251 48 0.8 3
160.791917512209 0.976161505163668 9.85716565939701 173.95041993623 164.791917512209 49 0.9 3
327.244633047052 0.998576410242061 10 340.403135471072 331.244633047052 50 1 3
46.5320262099019 0.103257328805001 5.61582885566991 59.6905286339221 50.5320262099019 51 0.1 5
52.9855567100093 0.184176669604778 3.21725951589793 66.1440591340295 56.9855567100093 52 0.2 5
26.0524837042761 0.281678726005377 9.51026950637353 39.2109861282963 30.0524837042761 53 0.3 5
26.9559375582456 0.383412473926605 10 40.1144399822658 30.9559375582456 54 0.4 5
52.4159066369068 0.516581396930303 4.96189096907585 65.574409060927 56.4159066369068 55 0.5 5
64.5082481493273 0.652424370622195 5.49092734368959 77.6667505733475 68.5082481493273 56 0.6 5
83.0694715077154 0.744384255810264 6.12145765692091 96.2279739317356 87.0694715077154 57 0.7 5
83.5509773725437 0.792470891190681 4.64491062946922 96.7094797965639 87.5509773725437 58 0.8 5
97.4928859592928 0.844545501442394 4.21189710354149 110.651388383313 101.492885959293 59 0.9 5
381.348217206431 0.998596640545579 9.99999999997488 394.506719630452 385.348217206431 60 1 5
33.1102318258219 0.107353218207768 10 46.2687342498421 37.1102318258219 61 0.1 7
37.8686122420331 0.193784053358618 5.36187522201001 51.0271146660533 41.8686122420331 62 0.2 7
24.4987954710606 0.297976670892924 10 37.6572978950808 28.4987954710606 63 0.3 7
36.9340094739032 0.36281584312896 4.50579200349767 50.0925118979234 40.9340094739032 64 0.4 7
39.4340004307684 0.492185709763434 6.99760103539925 52.5925028547886 43.4340004307684 65 0.5 7
49.5260038780178 0.633064830570437 4.57454993616401 62.684506302038 53.5260038780178 66 0.6 7
41.7797228373626 0.688731235349194 10 54.9382252613828 45.7797228373626 67 0.7 7
77.3164764826651 0.832067545367377 5.23332006313365 90.4749789066853 81.3164764826651 68 0.8 7
55.5134175687597 0.901545646297159 10 68.6719199927799 59.5134175687597 69 0.9 7
320.860161584852 0.998421981975998 10 334.018664008873 324.860161584852 70 1 7
29.6894610224158 0.0985064071007509 10 42.8479634464361 33.6894610224158 71 0.1 10
23.8285383627073 0.215130116410336 10 36.9870407867275 27.8285383627073 72 0.2 10
26.3327393335113 0.308686990172457 8.28884445408532 39.4912417575315 30.3327393335113 73 0.3 10
24.6202600928811 0.383555862804169 10 37.7787625169013 28.6202600928811 74 0.4 10
39.250906655327 0.494626574933631 8.43458266736658 52.4094090793472 43.250906655327 75 0.5 10
24.9997655940206 0.560132404904226 10 38.1582680180408 28.9997655940206 76 0.6 10
39.3715784865836 0.663490523974591 10 52.5300809106038 43.3715784865836 77 0.7 10
65.8115311388431 0.774555829998193 10 78.9700335628633 69.8115311388431 78 0.8 10
108.229100096025 0.919741956074997 9.56099776728269 121.387602520045 112.229100096025 79 0.9 10
377.072066224611 1 10 390.230568648631 381.072066224611 80 1 10
