465.724068833196 0.117879509209938 0.0925058521117938 -0.877565809067495 483.382380927547 471.724068833196 1 0.1 0.1 -0.9
437.278842166957 0.311968387136138 0.0977356916975125 -0.894579317582748 454.937154261307 443.278842166957 2 0.3 0.1 -0.9
412.131820355612 0.548811113317222 0.0979639926644328 -0.899661391487327 429.790132449963 418.131820355612 3 0.5 0.1 -0.9
415.93431470744 0.612600800161695 0.0920479240445955 -0.9 433.59262680179 421.93431470744 4 0.7 0.1 -0.9
361.759265908432 0.9 0.109378420739179 -0.888201627358141 379.417578002783 367.759265908432 5 0.9 0.1 -0.9
219.122960893524 0.187528753852895 0.373329848521829 -0.812794954113811 236.781272987875 225.122960893524 6 0.1 0.5 -0.9
111.892914399385 0.151854853445073 0.860789426791048 -0.729256024445891 129.551226493735 117.892914399385 7 0.3 0.5 -0.9
90.3650469141437 0.576239496937192 3.21612768820824 -0.169786427902724 108.023359008494 96.3650469141437 8 0.5 0.5 -0.9
132.734246675315 0.785585641011161 0.622371922529117 -0.758809719408176 150.392558769665 138.734246675315 9 0.7 0.5 -0.9
194.101101195421 0.9 0.429303147896807 -0.9 211.759413289772 200.101101195421 10 0.9 0.5 -0.9
79.8085239901402 0.0844237973319817 1.15786163244026 -0.9 97.4668360844906 85.8085239901402 11 0.1 1 -0.9
57.8619559397409 0.259614147466945 3.24179098192418 -0.300925022395242 75.5202680340913 63.8619559397409 12 0.3 1 -0.9
42.0075899682538 0.578749170594491 9.99999953333008 -0.0981780163945394 59.6659020626043 48.0075899682538 13 0.5 1 -0.9
74.5334941426355 0.744768505937232 9.66056399624992 -0.0871567163967811 92.191806236986 80.5334941426355 14 0.7 1 -0.9
139.973032474033 0.9 0.912339037712158 -0.9 157.631344568383 145.973032474033 15 0.9 1 -0.9
31.4920354281299 0.0636853303990042 10 -0.9 49.1503475224804 37.4920354281299 16 0.1 5 -0.9
15.3624737801724 0.372174583589191 9.72230308217459 -0.468795658780389 33.0207858745229 21.3624737801724 17 0.3 5 -0.9
25.4431169490155 0.485326595033901 9.87481599420066 -0.757257569282473 43.1014290433659 31.4431169490155 18 0.5 5 -0.9
22.792845993869 0.712845933213942 9.61608320567036 -0.441955198867615 40.4511580882194 28.792845993869 19 0.7 5 -0.9
60.705511384054 0.9 10 -0.594956566241966 78.3638234784044 66.705511384054 20 0.9 5 -0.9
16.7802531261731 0.072285813474112 10 -0.9 34.4385652205236 22.7802531261731 21 0.1 10 -0.9
14.9424986995815 0.295496227637615 6.23524589512416 -0.9 32.6008107939319 20.9424986995815 22 0.3 10 -0.9
23.7559870584047 0.526707763864977 9.99287486954878 -0.642948961755842 41.4142991527552 29.7559870584047 23 0.5 10 -0.9
15.3547342329143 0.635136213471889 10 -0.9 33.0130463272647 21.3547342329143 24 0.7 10 -0.9
42.6862202153603 0.86649520210477 9.75089360413887 -0.804580522284953 60.3445323097108 48.6862202153603 25 0.9 10 -0.9
476.679564265265 0.0155409056314443 0.242644368869447 -0.9 494.337876359615 482.679564265265 26 0.1 0.1 -0.7
457.98588964633 0.300320470635901 0.116543955314771 -0.547316764544947 475.644201740681 463.98588964633 27 0.3 0.1 -0.7
449.944978368088 0.315910155815876 0.0863556203039348 -0.892748696774164 467.603290462439 455.944978368088 28 0.5 0.1 -0.7
423.789645284948 0.63475472713598 0.0895194057561334 -0.9 441.447957379298 429.789645284948 29 0.7 0.1 -0.7
413.8244169356 0.9 0.0843649640563591 -0.897968202730788 431.482729029951 419.8244169356 30 0.9 0.1 -0.7
285.096323979308 0.0857819122296109 0.416084860296113 -0.885293281095412 302.754636073659 291.096323979308 31 0.1 0.5 -0.7
161.593499953512 0.281652390308817 0.498945611805927 -0.699771618543917 179.251812047862 167.593499953512 32 0.3 0.5 -0.7
148.559400731422 0.517948822123109 0.656430460853781 -0.536607846266259 166.217712825772 154.559400731422 33 0.5 0.5 -0.7
135.25700337011 0.782050751478232 0.389848199453304 -0.9 152.91531546446 141.25700337011 34 0.7 0.5 -0.7
147.824878876348 0.9 0.524601402743592 -0.9 165.483190970699 153.824878876348 35 0.9 0.5 -0.7
125.448935467286 0.133096787146328 0.778477328718611 -0.816282808929341 143.107247561637 131.448935467286 36 0.1 1 -0.7
92.1219659359718 0.385526233758768 2.81122713855106 -0.232182440886367 109.780278030322 98.1219659359718 37 0.3 1 -0.7
80.2235882451512 0.414209059787265 3.17582018331056 -0.192306612850215 97.8819003395016 86.2235882451512 38 0.5 1 -0.7
70.0273257087445 0.582125928133195 10 -0.0672558514376065 87.685637803095 76.0273257087445 39 0.7 1 -0.7
130.726642539424 0.9 0.765881907916478 -0.9 148.384954633774 136.726642539424 40 0.9 1 -0.7
43.9090756783151 0.104456116838247 3.10218744149469 -0.893456362549682 61.5673877726655 49.9090756783151 41 0.1 5 -0.7
23.4608079866402 0.275971469614483 3.6355569364838 -0.9 41.1191200809907 29.4608079866402 42 0.3 5 -0.7
18.3601585466808 0.519852728252859 9.94960498009021 -0.444183803936103 36.0184706410313 24.3601585466808 43 0.5 5 -0.7
16.7182174800163 0.733986947191667 10 -0.9 34.3765295743668 22.7182174800163 44 0.7 5 -0.7
66.6154042669952 0.9 10 -0.436872164353006 84.2737163613457 72.6154042669952 45 0.9 5 -0.7
17.2851943390661 0.0787648330015943 10 -0.9 34.9435064334166 23.2851943390661 46 0.1 10 -0.7
11.3264508766179 0.283520630621723 10 -0.9 28.9847629709684 17.3264508766179 47 0.3 10 -0.7
19.9632025303662 0.474920056963414 9.99686611054695 -0.515722372232403 37.6215146247166 25.9632025303662 48 0.5 10 -0.7
14.008772083008 0.655029295732554 10 -0.9 31.6670841773585 20.008772083008 49 0.7 10 -0.7
56.8832746036604 0.9 10 -0.610061354177486 74.5415866980109 62.8832746036604 50 0.9 10 -0.7
487.597593484461 0.160008764081367 0.0987767141357417 -0.454591037574938 505.255905578812 493.597593484461 51 0.1 0.1 -0.5
479.614072714162 0.347073314889539 0.0503714135534508 -0.9 497.272384808512 485.614072714162 52 0.3 0.1 -0.5
476.402253303892 0.0736128707705011 0.100718651853467 -0.797052907440491 494.060565398242 482.402253303892 53 0.5 0.1 -0.5
444.448367165009 0.631658987266428 0.174743344511348 -0.384802062172648 462.10667925936 450.448367165009 54 0.7 0.1 -0.5
440.606387811156 0.850275237026585 0.144716427454609 -0.426261180386983 458.264699905507 446.606387811156 55 0.9 0.1 -0.5
357.2818246655 0.104437764505825 0.268278279354067 -0.894946195558506 374.940136759851 363.2818246655 56 0.1 0.5 -0.5
269.727335588429 0.25349978127955 0.28756402095769 -0.837504637190266 287.385647682779 275.727335588429 57 0.3 0.5 -0.5
204.813920402562 0.466228263195055 0.362232485315476 -0.745706615445043 222.472232496912 210.813920402562 58 0.5 0.5 -0.5
246.573080821672 0.684787016415697 0.279942059081244 -0.763885585556926 264.231392916022 252.573080821672 59 0.7 0.5 -0.5
189.091231566127 0.9 0.452926139488384 -0.893143799643648 206.749543660478 195.091231566127 60 0.9 0.5 -0.5
143.656597469637 0.0353789331443482 1.11253086909725 -0.9 161.314909563987 149.656597469637 61 0.1 1 -0.5
107.185486848029 0.358693103556325 2.9637716573519 -0.188128190185296 124.84379894238 113.185486848029 62 0.3 1 -0.5
68.9705656163651 0.587769193305938 9.36165276475547 -0.073651801742224 86.6288777107155 74.9705656163651 63 0.5 1 -0.5
101.454535564104 0.672358330747697 0.926738441477654 -0.493496219375302 119.112847658454 107.454535564104 64 0.7 1 -0.5
181.007914169866 0.9 0.515279622723491 -0.850856115641879 198.666226264216 187.007914169866 65 0.9 1 -0.5
16.2144471368882 0.0483252013192726 10 -0.9 33.8727592312387 22.2144471368882 66 0.1 5 -0.5
31.8344639696749 0.302568195527965 2.86353892772926 -0.626870639655022 49.4927760640253 37.8344639696749 67 0.3 5 -0.5
39.3789796729356 0.573335146684177 8.77999923645419 -0.238191013885966 57.037291767286 45.3789796729356 68 0.5 5 -0.5
36.1271433285008 0.857786045075197 10 -0.9 53.7854554228513 42.1271433285008 69 0.7 5 -0.5
88.1525189550561 0.837757015168242 10 -0.0945447792062878 105.810831049407 94.1525189550561 70 0.9 5 -0.5
12.7212725397964 0.0945476103475259 10 -0.9 30.3795846341468 18.7212725397964 71 0.1 10 -0.5
13.0923325185394 0.320358592870975 10 -0.9 30.7506446128899 19.0923325185394 72 0.3 10 -0.5
18.5451232521934 0.495478524728294 10 -0.9 36.2034353465439 24.5451232521934 73 0.5 10 -0.5
34.8201943885441 0.726088427094326 10 -0.9 52.4785064828945 40.8201943885441 74 0.7 10 -0.5
96.0406484615473 0.9 10 -0.327685943359399 113.698960555898 102.040648461547 75 0.9 10 -0.5
487.011249000616 0.0463887595410474 0.126324189736133 -0.5576607810274 504.669561094966 493.011249000616 76 0.1 0.1 -0.3
492.0105856763 0.602795981244876 0.0291415248582968 -0.712954692612892 509.668897770651 498.0105856763 77 0.3 0.1 -0.3
485.850520311429 0.626880135782764 0.0682186635204338 -0.488249079887311 503.50883240578 491.850520311429 78 0.5 0.1 -0.3
471.153176916846 0.630987820784648 0.0534290040375573 -0.896035127348655 488.811489011196 477.153176916846 79 0.7 0.1 -0.3
474.35784911161 0.443259655139455 0.0669701783919756 -0.687883817079418 492.016161205961 480.35784911161 80 0.9 0.1 -0.3
358.39844854264 0.0359544320385751 0.346416335507776 -0.9 376.05676063699 364.39844854264 81 0.1 0.5 -0.3
353.482191638004 0.297959055627906 0.19108007447638 -0.867995396192355 371.140503732355 359.482191638004 82 0.3 0.5 -0.3
317.900587318141 0.49027890143561 0.176592023645552 -0.844910430431665 335.558899412492 323.900587318141 83 0.5 0.5 -0.3
298.498011264076 0.726315802207925 0.179311109721873 -0.817597166699124 316.156323358427 304.498011264076 84 0.7 0.5 -0.3
287.402384190958 0.842107317904741 0.175275090534052 -0.814370732765388 305.060696285308 293.402384190958 85 0.9 0.5 -0.3
272.271393795397 0.075179990175531 0.401925318692721 -0.882377664054915 289.929705889747 278.271393795397 86 0.1 1 -0.3
199.466436002855 0.256087747981868 0.402769692156124 -0.762869729000329 217.124748097205 205.466436002855 87 0.3 1 -0.3
195.879151589118 0.46970326670259 0.454089979736848 -0.674807146933164 213.537463683469 201.879151589118 88 0.5 1 -0.3
155.979677259353 0.757290737989855 0.453501113593953 -0.691909738267381 173.637989353703 161.979677259353 89 0.7 1 -0.3
144.527728293408 0.9 0.618714332203194 -0.779577611162708 162.186040387758 150.527728293408 90 0.9 1 -0.3
50.9401488262553 0.101959128433794 2.81703376328484 -0.533107968867901 68.5984609206058 56.9401488262553 91 0.1 5 -0.3
62.7740593043626 0.267717613939201 2.98974913666167 -0.502330010907739 80.432371398713 68.7740593043626 92 0.3 5 -0.3
45.2252328485661 0.472985080302504 9.64772676954162 -0.145675025689884 62.8835449429165 51.2252328485661 93 0.5 5 -0.3
39.2592356073794 0.55192068133663 9.77709430341773 -0.148396246762685 56.9175477017299 45.2592356073794 94 0.7 5 -0.3
86.9414394931019 0.654823458126587 9.9999947821499 -0.0634991962996716 104.599751587452 92.9414394931019 95 0.9 5 -0.3
27.7582322289774 0.101247699450026 3.39411292703746 -0.9 45.4165443233279 33.7582322289774 96 0.1 10 -0.3
25.7204923031576 0.271994699030307 4.03546066975402 -0.9 43.3788043975081 31.7204923031576 97 0.3 10 -0.3
25.2703850274702 0.51307361216374 9.03959507655519 -0.30654639504917 42.9286971218207 31.2703850274702 98 0.5 10 -0.3
16.2693169074344 0.546156225721435 10 -0.9 33.9276290017849 22.2693169074344 99 0.7 10 -0.3
65.2771215577396 0.9 10 -0.234592344507527 82.9354336520901 71.2771215577396 100 0.9 10 -0.3
497.694915570729 0.00450671563121389 0.170454756410901 -0.9 515.35322766508 503.694915570729 101 0.1 0.1 -0.1
499.04790453004 0.00945796596156791 0.00912059684304007 -0.9 516.706216624391 505.04790453004 102 0.3 0.1 -0.1
498.37777509027 0.0954104128687974 0.0111496759339717 -0.885596018592891 516.03608718462 504.37777509027 103 0.5 0.1 -0.1
498.639407777045 0.00117951132463525 0.411526398258498 -0.899999998178257 516.297719871396 504.639407777045 104 0.7 0.1 -0.1
490.773749289539 0.9 0.0383550763153045 -0.565675254028456 508.432061383889 496.773749289539 105 0.9 0.1 -0.1
488.626344008887 0.304938731666681 0.126955304434475 -0.28358525467144 506.284656103238 494.626344008887 106 0.1 0.5 -0.1
464.991600575852 0.630621276903884 0.206176224250185 -0.274750554480769 482.649912670202 470.991600575852 107 0.3 0.5 -0.1
484.88392586936 0.718130433028061 0.040244262305889 -0.795651285640835 502.542237963711 490.88392586936 108 0.5 0.5 -0.1
461.827649218496 0.749779607207941 0.084536645888383 -0.57318204568935 479.485961312847 467.827649218496 109 0.7 0.5 -0.1
452.574564823102 0.9 0.139198521306796 -0.37164174718266 470.232876917453 458.574564823102 110 0.9 0.5 -0.1
451.269983894693 0.144934764654337 0.0983415278764623 -0.899813077643211 468.928295989043 457.269983894693 111 0.1 1 -0.1
392.175443711186 0.142398194451068 0.15337072108078 -0.897135118223651 409.833755805536 398.175443711186 112 0.3 1 -0.1
417.129202431285 0.607451575283192 0.0919190113413715 -0.89916384914464 434.787514525635 423.129202431285 113 0.5 1 -0.1
401.268693354037 0.738812036434426 0.0970015293718069 -0.899632700022702 418.927005448388 407.268693354037 114 0.7 1 -0.1
365.191025682582 0.9 0.114714452440018 -0.87483642256916 382.849337776932 371.191025682582 115 0.9 1 -0.1
192.872136690101 0.122932584348266 0.530781470650826 -0.848934583424062 210.530448784452 198.872136690101 116 0.1 5 -0.1
101.42468936245 0.344158742962083 3.03241179137149 -0.16528293713338 119.0830014568 107.42468936245 117 0.3 5 -0.1
68.2310264485567 0.510460760128793 3.25524167775347 -0.16253427189373 85.8893385429071 74.2310264485567 118 0.5 5 -0.1
106.03426876623 0.785159185706339 9.49479226695567 -0.0772745824781243 123.69258086058 112.03426876623 119 0.7 5 -0.1
159.704750559075 0.9 0.711421266122165 -0.9 177.363062653425 165.704750559075 120 0.9 5 -0.1
83.0744747839893 0.118059504948201 2.86329733896937 -0.282147422301298 100.73278687834 89.0744747839893 121 0.1 10 -0.1
44.117326971813 0.255369084051282 2.69516140150498 -0.445157924023776 61.7756390661635 50.117326971813 122 0.3 10 -0.1
46.0879700262258 0.474926706114648 2.78516474844058 -0.536185447045242 63.7462821205762 52.0879700262258 123 0.5 10 -0.1
88.4601484039006 0.781903838562919 9.69851242649319 -0.109042413463416 106.118460498251 94.4601484039006 124 0.7 10 -0.1
180.740450887214 0.9 0.594536174882454 -0.9 198.398762981565 186.740450887214 125 0.9 10 -0.1
490.489953096017 0.385080003043012 0.0607670880593495 0.454222442277917 508.148265190368 496.489953096017 126 0.1 0.1 0.1
493.014704086303 0.023351844167877 0.0913790865556538 0.9 510.673016180654 499.014704086303 127 0.3 0.1 0.1
498.684176036056 0.0989164072712563 0.0117286948594932 0.753201061942245 516.342488130406 504.684176036056 128 0.5 0.1 0.1
498.736957268677 0.00319328365674124 0.120068930275478 0.9 516.395269363027 504.736957268677 129 0.7 0.1 0.1
499.05459816572 0.00130306529424411 0.0415874299444287 -0.9 516.712910260071 505.05459816572 130 0.9 0.1 0.1
484.264568605903 0.19002594661977 0.056260150646702 0.696620815982991 501.922880700254 490.264568605903 131 0.1 0.5 0.1
439.511560948645 0.710845267732323 0.134383540822431 0.519395896983198 457.169873042995 445.511560948645 132 0.3 0.5 0.1
456.986646920576 0.643765723195418 0.192119057506844 0.28989488620434 474.644959014927 462.986646920576 133 0.5 0.5 0.1
479.107782209801 0.504651540016001 0.108102709676386 0.355604275471617 496.766094304151 485.107782209801 134 0.7 0.5 0.1
429.515253804317 0.637941041792672 0.205726888290556 0.334771907790961 447.173565898668 435.515253804317 135 0.9 0.5 0.1
458.771458224505 0.0822638572281939 0.123104605523095 0.9 476.429770318855 464.771458224505 136 0.1 1 0.1
426.533582782641 0.271746494078279 0.127681081068834 0.76487715641565 444.191894876991 432.533582782641 137 0.3 1 0.1
409.018945711873 0.759661930360327 0.24145409610782 0.366044027781987 426.677257806223 415.018945711873 138 0.5 1 0.1
374.859685212085 0.650060356112665 0.260313698497037 0.421263919115216 392.517997306436 380.859685212085 139 0.7 1 0.1
374.405908857635 0.761594206771311 0.318826238002341 0.329652888004011 392.064220951986 380.405908857635 140 0.9 1 0.1
192.75033691741 0.0915458224656666 0.565515175134371 0.9 210.408649011761 198.75033691741 141 0.1 5 0.1
103.826999020158 0.328830711504123 0.658009002581892 0.836266513255828 121.485311114509 109.826999020158 142 0.3 5 0.1
81.1188797420156 0.686755377469394 0.77251675599455 0.9 98.7771918363661 87.1188797420156 143 0.5 5 0.1
127.943804014398 0.79161773070201 0.778507143622139 0.774629969376457 145.602116108749 133.943804014398 144 0.7 5 0.1
156.194953414537 0.9 0.523659582859828 0.884311696028179 173.853265508888 162.194953414537 145 0.9 5 0.1
79.4453634187412 0.0655767955582561 1.25522549183363 0.9 97.1036755130916 85.4453634187412 146 0.1 10 0.1
71.2468840818788 0.287103260088344 1.13558943894483 0.9 88.9051961762293 77.2468840818788 147 0.3 10 0.1
68.8435956293522 0.547768077848139 1.38490034190848 0.620164005180696 86.5019077237027 74.8435956293522 148 0.5 10 0.1
47.7547525258349 0.9 6.09667650430492 0.9 65.4130646201854 53.7547525258349 149 0.7 10 0.1
139.15910467048 0.9 1.08363188146553 0.9 156.81741676483 145.15910467048 150 0.9 10 0.1
486.57187811618 0.00565622292769263 0.417439248846206 0.9 504.230190210531 492.57187811618 151 0.1 0.1 0.3
492.051994925303 0.422702984918189 0.0586572938480914 0.437651399888421 509.710307019653 498.051994925303 152 0.3 0.1 0.3
475.134403459512 0.656295442696242 0.178667372963444 0.228668656629434 492.792715553863 481.134403459512 153 0.5 0.1 0.3
484.825031612786 0.598634143821227 0.0778190378525489 0.404861526417693 502.483343707137 490.825031612786 154 0.7 0.1 0.3
471.931664168901 0.684595770194075 0.130376047241101 0.317846962853492 489.589976263252 477.931664168901 155 0.9 0.1 0.3
422.128349263446 0.225213773376708 0.128001703704817 0.9 439.786661357796 428.128349263446 156 0.1 0.5 0.3
309.00746105093 0.281289711790919 0.234205086320294 0.9 326.665773145281 315.00746105093 157 0.3 0.5 0.3
334.261323042205 0.556049926115236 0.258987768702692 0.51848027994611 351.919635136556 340.261323042205 158 0.5 0.5 0.3
326.989691526867 0.851549834139918 0.353121706315815 0.377029446264214 344.648003621218 332.989691526867 159 0.7 0.5 0.3
328.020465917294 0.9 0.352876084128202 0.340125047644827 345.678778011644 334.020465917294 160 0.9 0.5 0.3
270.475976621687 0.12566859972308 0.31318101418874 0.9 288.134288716037 276.475976621687 161 0.1 1 0.3
219.809172839946 0.260325538485555 0.332819610584195 0.9 237.467484934297 225.809172839946 162 0.3 1 0.3
143.728919758693 0.450131984060179 0.397066353563104 0.9 161.387231853044 149.728919758693 163 0.5 1 0.3
184.223714145656 0.848271044309223 0.500246635678891 0.566022329273007 201.882026240006 190.223714145656 164 0.7 1 0.3
152.402685058497 0.9 0.495651112842321 0.769622041590217 170.060997152847 158.402685058497 165 0.9 1 0.3
53.1300851710675 0.0971471891480885 1.60704613991084 0.9 70.788397265418 59.1300851710675 166 0.1 5 0.3
32.1164033046091 0.302361126039756 2.55260963794652 0.9 49.7747153989596 38.1164033046091 167 0.3 5 0.3
40.2780836441249 0.61636024936457 2.1416944821284 0.9 57.9363957384754 46.2780836441249 168 0.5 5 0.3
74.9064326701717 0.618708706361894 1.17186929711345 0.899583198723523 92.5647447645221 80.9064326701717 169 0.7 5 0.3
87.9913616919403 0.778645399129648 0.859007270937154 0.899668204935838 105.649673786291 93.9913616919403 170 0.9 5 0.3
32.6725557375871 0.0985912523561639 5.09726853705978 0.9 50.3308678319376 38.6725557375871 171 0.1 10 0.3
15.7430136565283 0.0595562971581995 10 0.9 33.4013257508788 21.7430136565283 172 0.3 10 0.3
16.2859556434523 0.524736656775813 10 0.9 33.9442677378028 22.2859556434523 173 0.5 10 0.3
23.2367606830444 0.725103937114981 10 0.9 40.8950727773949 29.2367606830444 174 0.7 10 0.3
57.9316750378728 0.9 3.08243377616253 0.9 75.5899871322232 63.9316750378728 175 0.9 10 0.3
470.994377067516 0.0830783511115726 0.0809548935158659 0.9 488.652689161866 476.994377067516 176 0.1 0.1 0.5
479.439274481092 0.283209418372134 0.0614742825550942 0.841873396627838 497.097586575443 485.439274481092 177 0.3 0.1 0.5
453.829157315119 0.387248053082671 0.116384985357765 0.575843509068978 471.48746940947 459.829157315119 178 0.5 0.1 0.5
463.159404072837 0.830333061673637 0.271724366033431 0.172401497714667 480.817716167188 469.159404072837 179 0.7 0.1 0.5
454.162195595756 0.889726328970477 0.146118790035413 0.348203003335765 471.820507690107 460.162195595756 180 0.9 0.1 0.5
343.648961511428 0.0118585756731256 1.23406480913665 0.9 361.307273605779 349.648961511428 181 0.1 0.5 0.5
280.767130499633 0.383778220206482 0.219256627525695 0.885173393580951 298.425442593984 286.767130499633 182 0.3 0.5 0.5
220.299018166617 0.517622674939616 0.274328951836695 0.752510190852231 237.957330260968 226.299018166617 183 0.5 0.5 0.5
207.564405889106 0.681350470512027 0.332206109542654 0.739318302490646 225.222717983457 213.564405889106 184 0.7 0.5 0.5
233.564175456485 0.9 0.487015531730364 0.430446216915446 251.222487550836 239.564175456485 185 0.9 0.5 0.5
168.350481289894 0.0864867333648894 0.600998629484499 0.9 186.008793384244 174.350481289894 186 0.1 1 0.5
144.237488955732 0.30065108717832 0.552082173886722 0.9 161.895801050082 150.237488955732 187 0.3 1 0.5
126.284326089111 0.535327266695628 0.445035633905484 0.9 143.942638183461 132.284326089111 188 0.5 1 0.5
93.7612843275587 0.784159779589869 0.815560261900638 0.9 111.419596421909 99.7612843275587 189 0.7 1 0.5
186.148913172001 0.9 0.68452860391826 0.9 203.807225266352 192.148913172001 190 0.9 1 0.5
35.2176532732934 0.118552620542415 3.14779177988721 0.9 52.8759653676439 41.2176532732934 191 0.1 5 0.5
29.6848106187288 0.292261402843488 3.13776264264441 0.9 47.3431227130793 35.6848106187288 192 0.3 5 0.5
13.3489096702288 0.730459625528077 10 0.9 31.0072217645793 19.3489096702288 193 0.5 5 0.5
37.8953416374117 0.640048434482679 1.72486410718242 0.9 55.5536537317622 43.8953416374117 194 0.7 5 0.5
70.534723348783 0.9 2.21907946979125 0.9 88.1930354431335 76.534723348783 195 0.9 5 0.5
19.4849449444608 0.128662755764726 3.98527005589217 0.9 37.1432570388113 25.4849449444608 196 0.1 10 0.5
14.7121671013536 0.297037103880162 10 0.9 32.3704791957041 20.7121671013536 197 0.3 10 0.5
20.4388798570946 0.497512434127012 10 0.9 38.0971919514451 26.4388798570946 198 0.5 10 0.5
21.3651536902077 0.727872471030758 10 0.9 39.0234657845581 27.3651536902077 199 0.7 10 0.5
57.2666394201351 0.9 8.57141220073506 0.9 74.9249515144856 63.2666394201351 200 0.9 10 0.5
472.669834194175 0.165927767194289 0.0705152596251545 0.810809418109531 490.328146288525 478.669834194175 201 0.1 0.1 0.7
467.298144956254 0.143745561707713 0.0818359930972196 0.9 484.956457050604 473.298144956254 202 0.3 0.1 0.7
450.241719639975 0.386263162536171 0.133831696731908 0.566029526529809 467.900031734326 456.241719639975 203 0.5 0.1 0.7
444.54800423413 0.705791231499364 0.194440556484842 0.340415248142351 462.20631632848 450.54800423413 204 0.7 0.1 0.7
444.626234365576 0.698301974414964 0.179812099619589 0.378483412867388 462.284546459926 450.626234365576 205 0.9 0.1 0.7
231.094057391032 0.0719818820559749 0.503246161174908 0.9 248.752369485383 237.094057391032 206 0.1 0.5 0.7
146.207191908511 0.24679251614971 0.452462819217214 0.9 163.865504002862 152.207191908511 207 0.3 0.5 0.7
157.424326427083 0.473935542804105 0.375545120398946 0.85296649341368 175.082638521434 163.424326427083 208 0.5 0.5 0.7
146.919766722892 0.793862708554596 0.400472074396613 0.821758931769859 164.578078817242 152.919766722892 209 0.7 0.5 0.7
187.708494407204 0.9 0.510886278447314 0.618664719346145 205.366806501555 193.708494407204 210 0.9 0.5 0.7
97.3441992661579 0.062160104108293 1.0586105396604 0.9 115.002511360508 103.344199266158 211 0.1 1 0.7
114.658643425341 0.3491646335879 0.610083245484201 0.9 132.316955519691 120.658643425341 212 0.3 1 0.7
61.4195761791715 0.51959746035978 0.936915535483298 0.787833069681866 79.077888273522 67.4195761791715 213 0.5 1 0.7
101.942036687686 0.713962976523271 0.794373392858357 0.9 119.600348782036 107.942036687686 214 0.7 1 0.7
133.426116067401 0.9 0.793916069043246 0.9 151.084428161751 139.426116067401 215 0.9 1 0.7
18.5725664553921 0.121969869235087 2.71994232130278 0.9 36.2308785497426 24.5725664553921 216 0.1 5 0.7
17.1220648809043 0.311701167441145 7.71269688682646 0.9 34.7803769752548 23.1220648809043 217 0.3 5 0.7
18.5469787775815 0.437515718342026 6.43693286616541 0.9 36.205290871932 24.5469787775815 218 0.5 5 0.7
40.4656857382629 0.681424547021496 3.63005233030256 0.9 58.1239978326133 46.4656857382629 219 0.7 5 0.7
70.5474805459427 0.9 6.55333282250982 0.9 88.2057926402931 76.5474805459427 220 0.9 5 0.7
17.715332821332 0.076269999498191 10 0.9 35.3736449156824 23.715332821332 221 0.1 10 0.7
15.1988944213459 0.288901738413904 7.55359249340622 0.9 32.8572065156963 21.1988944213459 222 0.3 10 0.7
11.4211784199746 0.614306513592397 10 0.9 29.0794905143251 17.4211784199746 223 0.5 10 0.7
18.1789912966821 0.708144586553459 10 0.9 35.8373033910325 24.1789912966821 224 0.7 10 0.7
57.79901320157 0.9 8.26852872513381 0.9 75.4573252959205 63.79901320157 225 0.9 10 0.7
443.279110037887 0.115083176196464 0.102810992430475 0.9 460.937422132237 449.279110037887 226 0.1 0.1 0.9
437.320771556234 0.312428509903913 0.122002628875761 0.684683443515433 454.979083650584 443.320771556234 227 0.3 0.1 0.9
456.308835586085 0.518018081413715 0.143351483871969 0.477744406782917 473.967147680436 462.308835586085 228 0.5 0.1 0.9
397.255321914102 0.815019241170123 0.237515108536793 0.357802087061982 414.913634008452 403.255321914102 229 0.7 0.1 0.9
391.78635428079 0.682135754384135 0.267867192835811 0.337676901629696 409.444666375141 397.78635428079 230 0.9 0.1 0.9
224.906687476967 0.0853386705648551 0.475710713307033 0.9 242.564999571318 230.906687476967 231 0.1 0.5 0.9
142.486044711635 0.306623957605805 0.508381693469886 0.9 160.144356805986 148.486044711635 232 0.3 0.5 0.9
137.466342652966 0.513817581309965 0.423829283683471 0.877049912761476 155.124654747317 143.466342652966 233 0.5 0.5 0.9
148.032262746616 0.70710059897408 0.433953693596619 0.876706203680827 165.690574840966 154.032262746616 234 0.7 0.5 0.9
146.185150781193 0.9 0.794793842396477 0.9 163.843462875543 152.185150781193 235 0.9 0.5 0.9
116.010702293866 0.0881853562583979 0.991137688697657 0.9 133.669014388216 122.010702293866 236 0.1 1 0.9
57.3369217743087 0.271840836319549 1.11104117580671 0.9 74.9952338686592 63.3369217743087 237 0.3 1 0.9
39.4254369177568 0.506312247218524 1.26029462082011 0.9 57.0837490121072 45.4254369177568 238 0.5 1 0.9
69.7868310269375 0.796733202343974 1.41030668082077 0.9 87.4451431212879 75.7868310269375 239 0.7 1 0.9
134.30516955294 0.846902383472765 0.648154178878289 0.9 151.963481647291 140.30516955294 240 0.9 1 0.9
17.8068086679818 0.102384480561416 10 0.9 35.4651207623323 23.8068086679818 241 0.1 5 0.9
22.9086568921725 0.288933007032376 7.31320305537056 0.9 40.566968986523 28.9086568921725 242 0.3 5 0.9
19.775524599536 0.499432609416007 7.54675149435007 0.9 37.4338366938864 25.775524599536 243 0.5 5 0.9
25.4084922960792 0.731895729995057 10 0.9 43.0668043904297 31.4084922960792 244 0.7 5 0.9
67.1851174010795 0.9 6.87835136154864 0.9 84.84342949543 73.1851174010795 245 0.9 5 0.9
16.1818234055137 0.10788127453469 10 0.9 33.8401354998642 22.1818234055137 246 0.1 10 0.9
17.3910842065232 0.316189575601643 10 0.9 35.0493963008737 23.3910842065232 247 0.3 10 0.9
18.9628109208284 0.493595087999091 10 0.9 36.6211230151789 24.9628109208284 248 0.5 10 0.9
9.81604958897275 0.558098335176832 10 0.9 27.4743616833232 15.8160495889727 249 0.7 10 0.9
63.5543406452184 0.889283244212883 10 0.9 81.2126527395689 69.5543406452184 250 0.9 10 0.9
