913.066270185005 0.100875598264212 0.105098179072579 -0.9 932.804023821036 919.066270185005 1 0.1 0.1 -0.9
831.056991975684 0.444902686639296 0.104810253232526 -0.898546168440289 850.794745611715 837.056991975684 2 0.3 0.1 -0.9
813.953377160571 0.520896050974836 0.103695369560635 -0.9 833.691130796601 819.953377160571 3 0.5 0.1 -0.9
831.541108731392 0.70801132545769 0.0876355530494044 -0.898772888107527 851.278862367422 837.541108731392 4 0.7 0.1 -0.9
783.523191026151 0.9 0.0982157675652839 -0.897889902312954 803.260944662181 789.523191026151 5 0.9 0.1 -0.9
411.056472034851 0.142946196518377 0.51263579099117 -0.806627113169593 430.794225670881 417.056472034851 6 0.1 0.5 -0.9
233.086851472149 0.2997949456636 2.64660591434002 -0.185600653157962 252.824605108179 239.086851472149 7 0.3 0.5 -0.9
231.295563924165 0.500883456415234 0.868753953052311 -0.508251275187215 251.033317560195 237.295563924165 8 0.5 0.5 -0.9
246.600376829689 0.825060580274068 0.820890845544737 -0.740358781369195 266.338130465719 252.600376829689 9 0.7 0.5 -0.9
305.719597469714 0.873199714417604 0.463341831049796 -0.738559403400984 325.457351105745 311.719597469714 10 0.9 0.5 -0.9
168.581260317291 0.104453731836991 2.51764645983757 -0.388526097900204 188.319013953321 174.581260317291 11 0.1 1 -0.9
151.894049350759 0.308124330283701 2.85714386492612 -0.305407039920112 171.63180298679 157.894049350759 12 0.3 1 -0.9
144.883514429156 0.525900848690537 3.22537738786139 -0.229773723376981 164.621268065187 150.883514429156 13 0.5 1 -0.9
169.432364750769 0.676249769860633 9.60310555045855 -0.0891054367775893 189.170118386799 175.432364750769 14 0.7 1 -0.9
238.642279006597 0.9 1.15940786952149 -0.9 258.380032642627 244.642279006597 15 0.9 1 -0.9
64.5153218783186 0.0794045655905375 4.31210163691386 -0.9 84.253075514349 70.5153218783186 16 0.1 5 -0.9
41.6301784818896 0.284182300911791 3.70885070076939 -0.9 61.3679321179199 47.6301784818896 17 0.3 5 -0.9
42.2402031827512 0.49738515689761 9.38819871383268 -0.462460245489987 61.9779568187815 48.2402031827512 18 0.5 5 -0.9
73.6156308738935 0.731528920128695 9.79171708742857 -0.507076191846375 93.3533845099238 79.6156308738935 19 0.7 5 -0.9
118.026399521997 0.9 10 -0.436734836472265 137.764153158028 124.026399521997 20 0.9 5 -0.9
31.4134232422294 0.107962606420832 10 -0.9 51.1511768782597 37.4134232422294 21 0.1 10 -0.9
28.2183079894409 0.294109431964038 10 -0.9 47.9560616254712 34.2183079894409 22 0.3 10 -0.9
35.2752906695077 0.495134002171184 10 -0.9 55.013044305538 41.2752906695077 23 0.5 10 -0.9
69.7743227850714 0.770767998219151 10 -0.9 89.5120764211017 75.7743227850714 24 0.7 10 -0.9
107.920615975283 0.9 10 -0.506616062482969 127.658369611313 113.920615975283 25 0.9 10 -0.9
959.46500247922 0.0720867824248559 0.0994571672284282 -0.782103494408958 979.202756115251 965.46500247922 26 0.1 0.1 -0.7
901.141856669807 0.32593724157647 0.0848319097936947 -0.9 920.879610305837 907.141856669807 27 0.3 0.1 -0.7
865.287120157011 0.321397595877999 0.101289308030936 -0.9 885.024873793041 871.287120157011 28 0.5 0.1 -0.7
915.87188023944 0.676740616382806 0.189061872902902 -0.31170701046588 935.609633875471 921.87188023944 29 0.7 0.1 -0.7
821.699085435352 0.9 0.273512651961564 -0.279229690651274 841.436839071382 827.699085435352 30 0.9 0.1 -0.7
487.187353278346 0.0903053444422692 0.443778159062416 -0.875884701613565 506.925106914377 493.187353278346 31 0.1 0.5 -0.7
324.465683799378 0.370221191022137 0.531926687516475 -0.669990809409245 344.203437435408 330.465683799378 32 0.3 0.5 -0.7
300.32536261668 0.523331078023616 0.561441543189282 -0.625660388065224 320.06311625271 306.32536261668 33 0.5 0.5 -0.7
333.912581717425 0.769291676247338 0.594517351790484 -0.584765536263795 353.650335353455 339.912581717425 34 0.7 0.5 -0.7
343.708913188977 0.9 0.46252155861715 -0.836992038734507 363.446666825007 349.708913188977 35 0.9 0.5 -0.7
275.34410150461 0.0892935028802391 0.912376462098424 -0.891823735111771 295.081855140641 281.34410150461 36 0.1 1 -0.7
166.945623485451 0.299728273814629 2.13271390658263 -0.342249978730948 186.683377121481 172.945623485451 37 0.3 1 -0.7
163.907724208299 0.494241763640301 3.21539026135975 -0.174631776098365 183.645477844329 169.907724208299 38 0.5 1 -0.7
184.882114935343 0.801483488916613 9.99999911565501 -0.0757135063212526 204.619868571373 190.882114935343 39 0.7 1 -0.7
287.740775038639 0.866889392449501 0.637111981443881 -0.842780087680856 307.478528674669 293.740775038639 40 0.9 1 -0.7
31.0217168538999 0.0645904662298562 10 -0.9 50.7594704899302 37.0217168538999 41 0.1 5 -0.7
55.7930146842027 0.281912220098391 3.53658717767049 -0.9 75.530768320233 61.7930146842027 42 0.3 5 -0.7
64.8640485796394 0.513083786497338 9.75436436306121 -0.280901193955765 84.6018022156697 70.8640485796394 43 0.5 5 -0.7
60.3804976486243 0.789340483274722 10 -0.9 80.1182512846546 66.3804976486243 44 0.7 5 -0.7
111.318253157841 0.9 10 -0.449085726706842 131.056006793871 117.318253157841 45 0.9 5 -0.7
37.6579242899655 0.104555311680982 7.07134497004135 -0.9 57.3956779259958 43.6579242899655 46 0.1 10 -0.7
34.6619365638696 0.304921080393975 10 -0.9 54.3996901998999 40.6619365638696 47 0.3 10 -0.7
40.241926801702 0.491686040333196 10 -0.9 59.9796804377323 46.241926801702 48 0.5 10 -0.7
46.5200025993451 0.722483118305027 10 -0.9 66.2577562353754 52.5200025993451 49 0.7 10 -0.7
107.157149879626 0.9 10 -0.731390765785037 126.894903515656 113.157149879626 50 0.9 10 -0.7
979.40147527659 0.325291691676301 0.0386810054389408 -0.808237038374249 999.13922891262 985.40147527659 51 0.1 0.1 -0.5
961.298697691563 0.630318089258409 0.0850679395747864 -0.431528822333818 981.036451327594 967.298697691563 52 0.3 0.1 -0.5
939.600206235749 0.650068976678026 0.086537043767969 -0.534649921515295 959.337959871779 945.600206235749 53 0.5 0.1 -0.5
927.354765480896 0.738780420850318 0.0524529168358163 -0.9 947.092519116926 933.354765480896 54 0.7 0.1 -0.5
921.734607572627 0.779513049960976 0.0757468828497342 -0.656363364273847 941.472361208657 927.734607572627 55 0.9 0.1 -0.5
669.274111659894 0.0865345843778432 0.290561019100917 -0.893234163349609 689.011865295924 675.274111659894 56 0.1 0.5 -0.5
485.924258867175 0.288012529740608 0.309374597932259 -0.810791795956124 505.662012503205 491.924258867175 57 0.3 0.5 -0.5
396.521463362443 0.486754244306908 0.347985326945395 -0.737483562444856 416.259216998474 402.521463362443 58 0.5 0.5 -0.5
355.492136852225 0.746138284307111 0.361174094932953 -0.749734525830375 375.229890488255 361.492136852225 59 0.7 0.5 -0.5
423.932986443497 0.9 0.30046893551445 -0.835806514208936 443.670740079527 429.932986443497 60 0.9 0.5 -0.5
431.408692189556 0.0927002109654599 0.513396049756033 -0.87525249509259 451.146445825587 437.408692189556 61 0.1 1 -0.5
209.716862449081 0.380362464878095 2.98393047426183 -0.158403497124427 229.454616085112 215.716862449081 62 0.3 1 -0.5
183.328467285579 0.640929739219646 3.23560298158634 -0.15405674349304 203.066220921609 189.328467285579 63 0.5 1 -0.5
242.572459569062 0.652968929077784 0.77060520568951 -0.525188599775203 262.310213205092 248.572459569062 64 0.7 1 -0.5
347.625011836524 0.9 0.696504930889793 -0.9 367.362765472554 353.625011836524 65 0.9 1 -0.5
39.3415017721854 0.0883402532201747 3.81716052718197 -0.9 59.0792554082157 45.3415017721854 66 0.1 5 -0.5
52.3528916605027 0.29738481796775 3.46200053024765 -0.887825171967982 72.090645296533 58.3528916605027 67 0.3 5 -0.5
67.3825601891753 0.497355957648871 10 -0.175525792383114 87.1203138252056 73.3825601891753 68 0.5 5 -0.5
88.4439628275924 0.633901524053717 9.19146487165751 -0.200115785987976 108.181716463623 94.4439628275924 69 0.7 5 -0.5
152.345659332001 0.9 10 -0.261828925357205 172.083412968031 158.345659332001 70 0.9 5 -0.5
55.3331131889982 0.110249569878971 5.10530643512921 -0.9 75.0708668250286 61.3331131889982 71 0.1 10 -0.5
39.0699279541468 0.306447302176389 10 -0.451277596313612 58.8076815901771 45.0699279541468 72 0.3 10 -0.5
48.6309672266334 0.515802795332842 9.8102524456855 -0.400197604137078 68.3687208626637 54.6309672266334 73 0.5 10 -0.5
42.9879553329445 0.702040280390689 10 -0.9 62.7257089689748 48.9879553329445 74 0.7 10 -0.5
137.313450696188 0.881361568196136 9.97066939265442 -0.321727921350707 157.051204332219 143.313450696188 75 0.9 10 -0.5
994.144368458 0.19643046968626 0.0240378087367257 -0.621404524070786 1013.88212209403 1000.144368458 76 0.1 0.1 -0.3
983.103000442467 0.138436328224119 0.0477954453238818 -0.7197916888689 1002.8407540785 989.103000442467 77 0.3 0.1 -0.3
967.947346525125 0.437391656639304 0.11284541575526 -0.318064954818473 987.685100161155 973.947346525125 78 0.5 0.1 -0.3
975.259866171661 0.595699396044572 0.0977682712362575 -0.306051062642902 994.997619807692 981.259866171661 79 0.7 0.1 -0.3
952.933875821973 0.896473240600281 0.06306442970515 -0.558878407952218 972.671629458004 958.933875821973 80 0.9 0.1 -0.3
808.244444767284 0.143663680589657 0.142416220394831 -0.897936649539908 827.982198403314 814.244444767284 81 0.1 0.5 -0.3
753.39585052639 0.274486235829817 0.15611541447575 -0.886779619579321 773.13360416242 759.39585052639 82 0.3 0.5 -0.3
645.242334678788 0.499366617957972 0.182738032231217 -0.830900245967165 664.980088314818 651.242334678788 83 0.5 0.5 -0.3
571.364619871039 0.585701767794033 0.188422979026033 -0.831346518783736 591.102373507069 577.364619871039 84 0.7 0.5 -0.3
492.669195009464 0.829882288676609 0.238444899570601 -0.744574955759231 512.406948645495 498.669195009464 85 0.9 0.5 -0.3
564.952272386949 0.118190342563566 0.307353992406513 -0.876588999358302 584.690026022979 570.952272386949 86 0.1 1 -0.3
411.799068885625 0.25575719957375 0.418631349654115 -0.720096912568799 431.536822521655 417.799068885625 87 0.3 1 -0.3
332.926400805311 0.495303711567727 0.485619423237357 -0.63308123261106 352.664154441342 338.926400805311 88 0.5 1 -0.3
321.440553400625 0.609040216819767 0.444991576633365 -0.650631336952285 341.178307036656 327.440553400625 89 0.7 1 -0.3
377.548408848115 0.9 0.37292478259498 -0.86257285191167 397.286162484145 383.548408848115 90 0.9 1 -0.3
46.625263782933 0.0673054029436102 4.08345055029868 -0.9 66.3630174189633 52.625263782933 91 0.1 5 -0.3
73.8456465596119 0.273289996339932 2.80821974323229 -0.485093805692756 93.5834001956422 79.8456465596119 92 0.3 5 -0.3
59.5426448706135 0.490726995164837 9.9632894296003 -0.341704909510354 79.2803985066438 65.5426448706135 93 0.5 5 -0.3
114.897843516585 0.673705149324348 9.70246908870309 -0.120884905120841 134.635597152615 120.897843516585 94 0.7 5 -0.3
238.862333594832 0.9 9.99055794827126 -0.152726386762237 258.600087230862 244.862333594832 95 0.9 5 -0.3
76.0767549967511 0.0688545884646737 3.02554095252665 -0.861626575149589 95.8145086327815 82.0767549967511 96 0.1 10 -0.3
34.5452630746286 0.298575810667264 8.9402794460553 -0.495505198395392 54.2830167106589 40.5452630746286 97 0.3 10 -0.3
47.8832006873119 0.533061583251054 9.93746798920128 -0.29615368045106 67.6209543233422 53.8832006873119 98 0.5 10 -0.3
84.7578684857323 0.690692463206014 8.8828258184472 -0.282301473720658 104.495622121763 90.7578684857323 99 0.7 10 -0.3
158.413607056541 0.852843387544422 9.98157016453467 -0.193210083994049 178.151360692571 164.413607056541 100 0.9 10 -0.3
993.030333637553 0.0683798314466074 0.0274027064371753 -0.9 1012.76808727358 999.030333637553 101 0.1 0.1 -0.1
992.410600427995 0.515384977052628 0.0170381921329441 -0.9 1012.14835406403 998.410600427995 102 0.3 0.1 -0.1
997.945471572991 0.0016721092452877 0.122114905346917 -0.9 1017.68322520902 1003.94547157299 103 0.5 0.1 -0.1
985.512805993373 0.142786967411315 0.0452373654411627 -0.694553857162462 1005.2505596294 991.512805993373 104 0.7 0.1 -0.1
981.959325053628 0.9 0.0359858997827799 -0.578588940865607 1001.69707868966 987.959325053628 105 0.9 0.1 -0.1
962.884679589607 0.0211593040095902 0.158815042026268 -0.842506396180855 982.622433225637 968.884679589607 106 0.1 0.5 -0.1
964.524533466865 0.194896918409638 0.0622676050816537 -0.777545366920277 984.262287102895 970.524533466865 107 0.3 0.5 -0.1
902.264594604185 0.360877601275321 0.075584378469314 -0.9 922.002348240215 908.264594604185 108 0.5 0.5 -0.1
932.205195413007 0.69031622588377 0.0521048454113978 -0.9 951.942949049037 938.205195413007 109 0.7 0.5 -0.1
883.464031770795 0.9 0.150379320073881 -0.385783571258528 903.201785406825 889.464031770795 110 0.9 0.5 -0.1
926.643054846121 0.0623978969501402 0.113188860898405 -0.9 946.380808482152 932.643054846121 111 0.1 1 -0.1
830.619225350354 0.376851513532562 0.107292360749839 -0.9 850.356978986385 836.619225350354 112 0.3 1 -0.1
734.411957975343 0.467458035495831 0.136048140643435 -0.869817078951339 754.149711611373 740.411957975343 113 0.5 1 -0.1
750.905985180604 0.882905512856315 0.104462497068619 -0.899215936769109 770.643738816634 756.905985180604 114 0.7 1 -0.1
765.495125697992 0.781936578825777 0.104919378478618 -0.877868421273049 785.232879334022 771.495125697992 115 0.9 1 -0.1
363.847706620667 0.0967546008816887 0.560764683762152 -0.868125818417241 383.585460256698 369.847706620667 116 0.1 5 -0.1
224.919896695082 0.309927380919078 2.70021647484767 -0.180209599065868 244.657650331112 230.919896695082 117 0.3 5 -0.1
227.39118145689 0.499822425500392 3.16862612014897 -0.155749337288278 247.12893509292 233.39118145689 118 0.5 5 -0.1
189.947918076099 0.78351636087568 9.5592188238133 -0.0632221700641355 209.685671712129 195.947918076099 119 0.7 5 -0.1
338.198633666327 0.864493863765635 0.447387356813019 -0.76798629068022 357.936387302357 344.198633666327 120 0.9 5 -0.1
169.422775415865 0.11035951050317 3.03628314454531 -0.284729230181099 189.160529051895 175.422775415865 121 0.1 10 -0.1
124.555330203217 0.327009824151194 3.22628872956768 -0.26584522050648 144.293083839247 130.555330203217 122 0.3 10 -0.1
92.5528492057097 0.469590112258113 2.35737550211049 -0.445952965157699 112.29060284174 98.5528492057097 123 0.5 10 -0.1
116.118228640069 0.814356931129348 10 -0.143095057181996 135.855982276099 122.118228640069 124 0.7 10 -0.1
276.13451483201 0.88003490044824 0.869849629516122 -0.9 295.87226846804 282.13451483201 125 0.9 10 -0.1
996.683907539723 0.468497353212624 0.029769518057424 0.252359355737044 1016.42166117575 1002.68390753972 126 0.1 0.1 0.1
991.034767591722 0.11958934979044 0.0333264646659696 0.784300853891913 1010.77252122775 997.034767591722 127 0.3 0.1 0.1
995.196097605475 0.00327874370819268 0.239304243590957 0.9 1014.93385124151 1001.19609760548 128 0.5 0.1 0.1
993.492452322405 0.9 0.06074035326 0.18421949722345 1013.23020595844 999.492452322405 129 0.7 0.1 0.1
994.589712317578 0.480594628992283 0.0331807892828125 0.362100176097396 1014.32746595361 1000.58971231758 130 0.9 0.1 0.1
976.941782947435 0.164635494897277 0.0500816423103234 0.739832495558445 996.679536583465 982.941782947435 131 0.1 0.5 0.1
948.483993587426 0.114528319502223 0.076014720808781 0.9 968.221747223457 954.483993587426 132 0.3 0.5 0.1
929.209478371598 0.48820683352589 0.139834430828879 0.42470826790588 948.947232007628 935.209478371598 133 0.5 0.5 0.1
925.664789504855 0.832804102960981 0.137074301409864 0.334412682322415 945.402543140885 931.664789504855 134 0.7 0.5 0.1
919.264486821521 0.88747664941871 0.147828625283424 0.32830150493594 939.002240457551 925.264486821521 135 0.9 0.5 0.1
898.038252674445 0.132880479333152 0.113296608311578 0.9 917.776006310476 904.038252674445 136 0.1 1 0.1
824.288012557947 0.248490644520696 0.128388499703552 0.831434965840796 844.025766193977 830.288012557947 137 0.3 1 0.1
775.663835685524 0.518862895314464 0.199430724264611 0.528338831274103 795.401589321554 781.663835685524 138 0.5 1 0.1
790.223020321831 0.699383292958825 0.271821981849891 0.349906137285669 809.960773957862 796.223020321831 139 0.7 1 0.1
740.174385221501 0.728929892108056 0.270616691496118 0.381087707479129 759.912138857531 746.174385221501 140 0.9 1 0.1
376.060374072052 0.0805483899987351 0.605148446945018 0.9 395.798127708082 382.060374072052 141 0.1 5 0.1
199.98884650184 0.302358299197283 0.666757061481769 0.845589227388762 219.726600137871 205.98884650184 142 0.3 5 0.1
143.857279682511 0.511037422849049 0.773307550374327 0.728381781252413 163.595033318541 149.857279682511 143 0.5 5 0.1
226.0770076729 0.728689974947748 0.602920816993353 0.887800764157492 245.81476130893 232.0770076729 144 0.7 5 0.1
337.39755284311 0.849534766108837 0.500590234132601 0.853932772606896 357.13530647914 343.39755284311 145 0.9 5 0.1
152.361783952438 0.100236095828307 1.32358822739186 0.9 172.099537588468 158.361783952438 146 0.1 10 0.1
120.48603396829 0.325146898213226 1.19989812726446 0.9 140.22378760432 126.48603396829 147 0.3 10 0.1
102.42270476085 0.384732718916069 0.984869595287289 0.9 122.16045839688 108.42270476085 148 0.5 10 0.1
152.766135598572 0.756695036143671 1.23559239570164 0.9 172.503889234602 158.766135598572 149 0.7 10 0.1
242.208159731666 0.9 1.0186324789602 0.9 261.945913367696 248.208159731666 150 0.9 10 0.1
991.914698568123 0.0789728137210538 0.0323196164725018 0.860516271419865 1011.65245220415 997.914698568123 151 0.1 0.1 0.3
985.056411785245 0.473132513006193 0.050586279386475 0.440570331080816 1004.79416542128 991.056411785245 152 0.3 0.1 0.3
970.257438041535 0.651351046245318 0.0825597764114172 0.35148214350347 989.995191677566 976.257438041535 153 0.5 0.1 0.3
954.173136521996 0.31658807805642 0.0806333714581154 0.575165798479805 973.910890158026 960.173136521996 154 0.7 0.1 0.3
955.716809094578 0.9 0.23073969671846 0.149175559172632 975.454562730608 961.716809094578 155 0.9 0.1 0.3
822.214128580313 0.116466444838145 0.150679926003983 0.9 841.951882216343 828.214128580313 156 0.1 0.5 0.3
659.09991331205 0.218067137525105 0.192191388489992 0.9 678.83766694808 665.09991331205 157 0.3 0.5 0.3
663.573720639873 0.479691667323665 0.231527051642508 0.613210666919315 683.311474275904 669.573720639873 158 0.5 0.5 0.3
631.120772514724 0.695053641754104 0.33237248158805 0.446886390908938 650.858526150754 637.120772514724 159 0.7 0.5 0.3
569.335538476316 0.9 0.373784233706515 0.392763075693993 589.073292112346 575.335538476316 160 0.9 0.5 0.3
612.946508397906 0.113311437345221 0.299963978287144 0.9 632.684262033936 618.946508397906 161 0.1 1 0.3
422.555071831868 0.283358730030997 0.341372224753917 0.9 442.292825467899 428.555071831868 162 0.3 1 0.3
333.200860310847 0.537779965484814 0.328697571402317 0.897616043612967 352.938613946878 339.200860310847 163 0.5 1 0.3
369.091111055273 0.703970247075046 0.357318545829487 0.801892863578819 388.828864691303 375.091111055273 164 0.7 1 0.3
346.590247859724 0.9 0.537112684280465 0.646978887085075 366.328001495755 352.590247859724 165 0.9 1 0.3
123.510667950128 0.0925238057110062 1.72801537318746 0.9 143.248421586158 129.510667950128 166 0.1 5 0.3
69.3159520197398 0.287151753363365 1.6234560946377 0.9 89.0537056557701 75.3159520197398 167 0.3 5 0.3
85.5426042884575 0.50741096863623 1.7457487309529 0.9 105.280357924488 91.5426042884575 168 0.5 5 0.3
123.944815778409 0.676866623268453 1.48455831516292 0.9 143.682569414439 129.944815778409 169 0.7 5 0.3
162.773677867854 0.820645144582116 0.970532894844213 0.9 182.511431503884 168.773677867854 170 0.9 5 0.3
74.557045816019 0.117713733734587 2.73720083788756 0.9 94.2947994520493 80.557045816019 171 0.1 10 0.3
56.4072929362549 0.303771761192982 2.750166562933 0.9 76.1450465722852 62.4072929362549 172 0.3 10 0.3
54.8899765761012 0.507404215351637 2.63966915913167 0.9 74.6277302121315 60.8899765761012 173 0.5 10 0.3
73.5598087892102 0.807106973386319 8.28101510143602 0.9 93.2975624252405 79.5598087892102 174 0.7 10 0.3
145.380551920864 0.9 3.29256696760172 0.9 165.118305556895 151.380551920864 175 0.9 10 0.3
976.046150482178 0.0105937966297159 0.262088587072129 0.9 995.783904118208 982.046150482178 176 0.1 0.1 0.5
950.745669362977 0.284254091153342 0.0877216445390747 0.596608325143625 970.483422999008 956.745669362977 177 0.3 0.1 0.5
917.978357381911 0.468722196071032 0.14288112372356 0.440657960118452 937.716111017941 923.978357381911 178 0.5 0.1 0.5
932.151773222947 0.7968710589591 0.138158012049079 0.341415479667566 951.889526858977 938.151773222947 179 0.7 0.1 0.5
925.81781213273 0.864331680373496 0.0991352794456466 0.489221117736963 945.55556576876 931.81781213273 180 0.9 0.1 0.5
613.520908771605 0.0661945010455689 0.350656563907655 0.9 633.258662407636 619.520908771605 181 0.1 0.5 0.5
409.743858189957 0.218055620275064 0.299098312429333 0.9 429.481611825987 415.743858189957 182 0.3 0.5 0.5
503.246172780036 0.500910384413922 0.271208232473158 0.795182401695115 522.983926416066 509.246172780036 183 0.5 0.5 0.5
355.247851267747 0.695198253988893 0.35612093088475 0.79630584470951 374.985604903778 361.247851267747 184 0.7 0.5 0.5
410.9954798931 0.9 0.510737615561542 0.50626558637296 430.73323352913 416.9954798931 185 0.9 0.5 0.5
269.102560285419 0.07083549503306 0.726151426432368 0.9 288.840313921449 275.102560285419 186 0.1 1 0.5
222.405477477919 0.29180444855997 0.587299527367351 0.9 242.14323111395 228.405477477919 187 0.3 1 0.5
232.325882326156 0.487602007911729 0.576299057073399 0.9 252.063635962187 238.325882326156 188 0.5 1 0.5
259.346746158004 0.748388174616235 0.658378620312865 0.780896316718971 279.084499794034 265.346746158004 189 0.7 1 0.5
283.953478575667 0.9 0.727701696491029 0.9 303.691232211698 289.953478575667 190 0.9 1 0.5
91.7961324143942 0.0917507023265158 2.29376323556405 0.9 111.533886050425 97.7961324143942 191 0.1 5 0.5
31.1523123138986 0.291651173723374 7.80193456403535 0.9 50.8900659499289 37.1523123138986 192 0.3 5 0.5
48.4314458432587 0.513690289465133 4.84912274808511 0.9 68.169199479289 54.4314458432587 193 0.5 5 0.5
79.8669838482728 0.721432307591714 3.14289901604586 0.9 99.6047374843031 85.8669838482728 194 0.7 5 0.5
154.740919450731 0.9 2.63344029741043 0.9 174.478673086761 160.740919450731 195 0.9 5 0.5
61.0208811854517 0.102841811049587 4.42331852815452 0.9 80.758634821482 67.0208811854517 196 0.1 10 0.5
38.6835208840678 0.306203527664072 4.93734724676506 0.9 58.4212745200981 44.6835208840678 197 0.3 10 0.5
39.8666438270049 0.521575349398214 5.5321912605727 0.9 59.6043974630352 45.8666438270049 198 0.5 10 0.5
56.7702071059828 0.632254653625401 3.90454099799981 0.9 76.5079607420132 62.7702071059828 199 0.7 10 0.5
119.94109086648 0.9 6.6675462743526 0.9 139.678844502511 125.94109086648 200 0.9 10 0.5
951.269342959006 0.0992172097183483 0.0700480904394142 0.9 971.007096595036 957.269342959006 201 0.1 0.1 0.7
922.159825754073 0.430930622312439 0.128373115071363 0.443128206271467 941.897579390104 928.159825754073 202 0.3 0.1 0.7
863.715274889194 0.471905505934185 0.16520825681615 0.489260789128663 883.453028525224 869.715274889194 203 0.5 0.1 0.7
870.885540215397 0.852611064975714 0.210619004634159 0.329753972830347 890.623293851428 876.885540215397 204 0.7 0.1 0.7
827.695293128701 0.9 0.222146149466647 0.329632332785642 847.433046764731 833.695293128701 205 0.9 0.1 0.7
402.931976569465 0.0733672201163713 0.51615907895227 0.9 422.669730205495 408.931976569465 206 0.1 0.5 0.7
371.346286055035 0.281687227553005 0.382476028099612 0.9 391.084039691065 377.346286055035 207 0.3 0.5 0.7
322.086638754455 0.500951167394177 0.356573120760011 0.870187917147573 341.824392390485 328.086638754455 208 0.5 0.5 0.7
286.887327133518 0.736658876957382 0.389626956723167 0.851229916530882 306.625080769549 292.887327133518 209 0.7 0.5 0.7
328.205726379132 0.9 0.551645118698939 0.9 347.943480015163 334.205726379132 210 0.9 0.5 0.7
231.235707245158 0.100637334856843 0.797457276803888 0.9 250.973460881189 237.235707245158 211 0.1 1 0.7
165.986429038651 0.307319853895136 0.764505325212586 0.9 185.724182674681 171.986429038651 212 0.3 1 0.7
173.573785975959 0.552444943350338 0.679465088748277 0.9 193.31153961199 179.573785975959 213 0.5 1 0.7
193.086004488874 0.786419504811923 1.00035481278796 0.9 212.823758124904 199.086004488874 214 0.7 1 0.7
258.952564175859 0.830793402032984 0.708497931995455 0.840490498081048 278.690317811889 264.952564175859 215 0.9 1 0.7
59.6395238438199 0.101304624076284 3.74753952510006 0.9 79.3772774798502 65.6395238438199 216 0.1 5 0.7
60.8057025232599 0.303073218104422 4.50861048431355 0.9 80.5434561592902 66.8057025232599 217 0.3 5 0.7
53.0682516034947 0.500784586050477 5.4241454048453 0.9 72.8060052395249 59.0682516034947 218 0.5 5 0.7
60.1349709196733 0.73410373718082 5.13043157818336 0.9 79.8727245557037 66.1349709196733 219 0.7 5 0.7
129.388787386977 0.9 4.35484799684567 0.9 149.126541023007 135.388787386977 220 0.9 5 0.7
32.8940422877854 0.070473672522216 7.17622911197474 0.9 52.6317959238157 38.8940422877854 221 0.1 10 0.7
48.9667507113702 0.298859420321715 5.61685383019084 0.9 68.7045043474006 54.9667507113702 222 0.3 10 0.7
37.6982660932379 0.493458814171687 10 0.9 57.4360197292682 43.6982660932379 223 0.5 10 0.7
45.8368034539715 0.695906706845271 10 0.9 65.5745570900018 51.8368034539715 224 0.7 10 0.7
92.0436004573654 0.9 8.62725812808666 0.9 111.781354093396 98.0436004573654 225 0.9 10 0.7
914.46063821497 0.219445267650861 0.0962249047096542 0.780774537509385 934.198391851 920.46063821497 226 0.1 0.1 0.9
831.987692459569 0.311979019391188 0.140166697838935 0.723783518259278 851.725446095599 837.987692459569 227 0.3 0.1 0.9
827.211415136318 0.499472756960361 0.204089592635927 0.456773724594129 846.949168772348 833.211415136318 228 0.5 0.1 0.9
750.908638535644 0.691252773634643 0.296074287710738 0.356086535326664 770.646392171674 756.908638535644 229 0.7 0.1 0.9
787.563801623409 0.9 0.281692243792486 0.310819906452262 807.30155525944 793.563801623409 230 0.9 0.1 0.9
440.345453339938 0.117176287569249 0.443743242844765 0.9 460.083206975968 446.345453339938 231 0.1 0.5 0.9
233.879368802235 0.306791965571936 0.553663751562935 0.838106912631103 253.617122438265 239.879368802235 232 0.3 0.5 0.9
188.896771934403 0.457194717583066 0.544762867057212 0.9 208.634525570434 194.896771934403 233 0.5 0.5 0.9
218.30749593072 0.82657404599311 0.892112334149377 0.795437036639368 238.04524956675 224.30749593072 234 0.7 0.5 0.9
349.923046275687 0.896495356942543 0.527832422304205 0.777677808379014 369.660799911717 355.923046275687 235 0.9 0.5 0.9
236.864921725059 0.0993294683191773 0.957466729195124 0.9 256.602675361089 242.864921725059 236 0.1 1 0.9
118.429814713264 0.346578749916736 1.19567230027044 0.771671279457949 138.167568349294 124.429814713264 237 0.3 1 0.9
91.5714586267972 0.463566386110235 1.08754164437751 0.9 111.309212262828 97.5714586267972 238 0.5 1 0.9
173.599844049692 0.762608297806638 1.04351495350642 0.9 193.337597685723 179.599844049692 239 0.7 1 0.9
272.882186766794 0.865965173856675 0.886005816779466 0.9 292.619940402824 278.882186766794 240 0.9 1 0.9
40.6217427345921 0.0830158690246805 6.70047513422597 0.9 60.3594963706224 46.6217427345921 241 0.1 5 0.9
34.794401909148 0.300447823491645 5.3478344213653 0.9 54.5321555451783 40.794401909148 242 0.3 5 0.9
52.3281733702173 0.475592986954841 3.59530676592871 0.9 72.0659270062476 58.3281733702173 243 0.5 5 0.9
40.5867623746574 0.753008874799425 10 0.9 60.3245160106877 46.5867623746574 244 0.7 5 0.9
115.109584423859 0.9 4.21493860267065 0.9 134.847338059889 121.109584423859 245 0.9 5 0.9
33.4893619538249 0.106030247209835 10 0.9 53.2271155898552 39.4893619538249 246 0.1 10 0.9
27.1665132650259 0.298148717279464 10 0.9 46.9042669010562 33.1665132650259 247 0.3 10 0.9
39.3594396921619 0.503547205392139 10 0.9 59.0971933281922 45.3594396921619 248 0.5 10 0.9
29.7020405959746 0.683107976079515 10 0.9 49.4397942320049 35.7020405959746 249 0.7 10 0.9
111.401751211764 0.88016541560028 10 0.9 131.139504847794 117.401751211764 250 0.9 10 0.9
