1 0.03 0.38 -0.42
2 0.53 0.32 0.27
3 0.13 0.79 -0.15
4 0.36 0.67 0.02
5 0.77 0.46 0.55
6 0.78 0.55 -0.31
7 0.54 0.65 -0.86
8 0.51 0.48 0.54
9 0.71 0.12 -0.26
10 0.24 0.62 -0.57
11 0.19 0.21 0.19
12 0.49 0.04 0.14
13 0.68 0.6 -0.63
14 0.61 0.57 0.56
15 0.22 0.27 -0.99
16 0.25 0.33 -0.62
17 0.04 0.05 0
18 0.48 0.4 0.91
19 0.74 0.29 -0.89
20 0.29 0.17 0.45
21 0.41 0.07 0.43
22 0.63 0.77 0.64
23 0.47 0.35 -0.75
24 0.12 0.1 -0.22
25 0.08 0.3 0.04
26 0.11 0.37 -0.49
27 0.02 0.68 0.8
28 0.18 0.2 0.59
29 0.07 0.14 -0.07
30 0.66 0.78 0.18
31 0.38 0.54 -0.88
32 0.3 0.18 -0.72
33 0.05 0.51 0.31
34 0.42 0.52 -0.48
35 0.67 0.34 -0.93
36 0.01 0.71 -0.45
37 0.37 0.45 -0.84
38 0.23 0.28 0.11
39 0.69 0.44 -0.16
40 0.1 0.42 -0.18
41 0.52 0.59 -0.23
42 0.32 0.56 -0.64
43 0.34 0.01 0.24
44 0.75 0.47 -0.92
45 0.64 0.24 -0.79
46 0.26 0.39 -0.54
47 0.57 0.61 0.0600000000000001
48 0.7 0.43 0.34
49 0.43 0.08 0.05
50 0.2 0.53 -0.04
