1 0.5 0.82 0.4
2 0.54 0.81 0.67
3 0.52 0.86 -0.89
4 0.29 0.17 0.82
5 0.9 0.25 -0.74
6 0.69 0.07 0.57
7 0.75 0.5 0.11
8 0.43 0.6 -0.85
9 0.06 0.92 0.22
10 0.66 0.75 0.39
11 0.21 0.48 0.29
12 0.38 0.29 0.8
13 0.49 0.13 0.23
14 0.86 0.54 -0.45
15 0.56 0.08 -0.26
16 0.76 0.2 -0.12
17 0.74 0.12 0.63
18 0.81 0.87 0.76
19 0.57 0.42 0.3
20 0.01 0.9 0.96
21 0.48 0.98 0.28
22 0.58 0.24 0.21
23 0.78 0.97 0.46
24 0.28 0.36 0.33
25 0.84 0.67 -0.94
26 0.31 0.88 -0.75
27 0.72 0.89 0.15
28 0.41 0.34 -0.96
29 0.67 0.49 -0.24
30 0.94 0.64 0.1
