1 1 1 1 10
1 1 10 1 10
1 1 100 1 10
1 1 11 0 -10
1 1 12 1 10
1 1 13 1 10
1 1 14 1 -10
1 1 15 1 10
1 1 16 1 10
1 1 17 1 10
1 1 18 1 10
1 1 19 1 10
1 1 2 1 10
1 1 20 1 -10
1 1 21 1 10
1 1 22 1 -10
1 1 23 1 -10
1 1 24 1 10
1 1 25 1 10
1 1 26 1 10
1 1 27 1 10
1 1 28 1 10
1 1 29 1 10
1 1 3 0 -10
1 1 30 1 -10
1 1 31 1 10
1 1 32 1 -10
1 1 33 1 10
1 1 34 1 -10
1 1 35 1 -10
1 1 36 1 10
1 1 37 1 -10
1 1 38 1 10
1 1 39 1 -10
1 1 4 1 -10
1 1 40 0 -10
1 1 41 1 10
1 1 42 0 10
1 1 43 1 -10
1 1 44 1 10
1 1 45 0 -10
1 1 46 1 10
1 1 47 1 -10
1 1 48 0 -10
1 1 49 1 10
1 1 5 0 10
1 1 50 1 10
1 1 51 1 -10
1 1 52 1 10
1 1 53 1 10
1 1 54 1 10
1 1 55 1 10
1 1 56 1 10
1 1 57 1 10
1 1 58 1 10
1 1 59 1 -10
1 1 6 0 -10
1 1 60 1 10
1 1 61 1 -10
1 1 62 1 10
1 1 63 1 10
1 1 64 1 -10
1 1 65 1 -10
1 1 66 1 -10
1 1 67 1 -10
1 1 68 1 -10
1 1 69 0 10
1 1 7 1 10
1 1 70 0 -10
1 1 71 0 -10
1 1 72 1 10
1 1 73 1 10
1 1 74 1 10
1 1 75 1 10
1 1 76 1 10
1 1 77 1 10
1 1 78 1 -10
1 1 79 1 10
1 1 8 1 -10
1 1 80 1 10
1 1 81 1 10
1 1 82 1 10
1 1 83 1 10
1 1 84 1 10
1 1 85 1 10
1 1 86 1 10
1 1 87 1 -10
1 1 88 1 -10
1 1 89 1 -10
1 1 9 1 10
1 1 90 1 10
1 1 91 1 10
1 1 92 1 10
1 1 93 1 10
1 1 94 1 10
1 1 95 1 -10
1 1 96 1 10
1 1 97 1 -10
1 1 98 1 10
1 1 99 1 -10
1 2 1 1 10
1 2 10 1 10
1 2 100 1 10
1 2 11 1 10
1 2 12 1 10
1 2 13 1 10
1 2 14 1 10
1 2 15 1 10
1 2 16 1 10
1 2 17 1 10
1 2 18 1 10
1 2 19 1 -10
1 2 2 0 10
1 2 20 1 -10
1 2 21 1 10
1 2 22 1 10
1 2 23 1 -10
1 2 24 1 10
1 2 25 1 10
1 2 26 1 10
1 2 27 1 -10
1 2 28 1 10
1 2 29 1 10
1 2 3 0 -10
1 2 30 1 -10
1 2 31 1 10
1 2 32 1 10
1 2 33 1 10
1 2 34 1 10
1 2 35 1 10
1 2 36 1 -10
1 2 37 1 10
1 2 38 1 10
1 2 39 1 -10
1 2 4 1 -10
1 2 40 1 10
1 2 41 1 10
1 2 42 1 10
1 2 43 1 10
1 2 44 1 10
1 2 45 1 10
1 2 46 1 -10
1 2 47 1 10
1 2 48 1 10
1 2 49 1 10
1 2 5 0 -10
1 2 50 1 10
1 2 51 1 10
1 2 52 1 10
1 2 53 1 10
1 2 54 1 -10
1 2 55 1 10
1 2 56 1 10
1 2 57 1 10
1 2 58 1 10
1 2 59 1 10
1 2 6 1 10
1 2 60 1 10
1 2 61 1 10
1 2 62 1 -10
1 2 63 1 10
1 2 64 1 10
1 2 65 1 10
1 2 66 1 10
1 2 67 1 10
1 2 68 1 -10
1 2 69 1 10
1 2 7 1 10
1 2 70 1 10
1 2 71 1 10
1 2 72 1 10
1 2 73 1 -10
1 2 74 1 10
1 2 75 1 10
1 2 76 1 -10
1 2 77 0 -10
1 2 78 1 10
1 2 79 1 10
1 2 8 1 10
1 2 80 1 10
1 2 81 1 -10
1 2 82 1 10
1 2 83 1 10
1 2 84 1 10
1 2 85 1 10
1 2 86 1 10
1 2 87 1 10
1 2 88 1 -10
1 2 89 1 10
1 2 9 1 10
1 2 90 1 10
1 2 91 1 10
1 2 92 1 -10
1 2 93 1 10
1 2 94 1 -10
1 2 95 1 10
1 2 96 1 10
1 2 97 1 10
1 2 98 1 10
1 2 99 1 10
1 3 1 1 10
1 3 10 1 10
1 3 100 1 10
1 3 11 1 -10
1 3 12 1 10
1 3 13 0 -10
1 3 14 1 10
1 3 15 0 -10
1 3 16 1 10
1 3 17 1 10
1 3 18 1 10
1 3 19 1 10
1 3 2 1 10
1 3 20 1 10
1 3 21 1 -10
1 3 22 1 10
1 3 23 1 10
1 3 24 1 -10
1 3 25 1 10
1 3 26 1 10
1 3 27 1 10
1 3 28 1 10
1 3 29 1 -10
1 3 3 1 10
1 3 30 1 10
1 3 31 1 10
1 3 32 1 10
1 3 33 1 10
1 3 34 1 10
1 3 35 1 -10
1 3 36 1 10
1 3 37 1 10
1 3 38 1 10
1 3 39 1 10
1 3 4 1 10
1 3 40 1 10
1 3 41 1 -10
1 3 42 1 10
1 3 43 1 10
1 3 44 1 10
1 3 45 1 10
1 3 46 1 -10
1 3 47 1 10
1 3 48 1 10
1 3 49 1 10
1 3 5 0 10
1 3 50 1 -10
1 3 51 1 -10
1 3 52 1 10
1 3 53 1 10
1 3 54 1 10
1 3 55 1 -10
1 3 56 1 10
1 3 57 1 10
1 3 58 1 10
1 3 59 1 -10
1 3 6 1 -10
1 3 60 1 10
1 3 61 1 10
1 3 62 1 10
1 3 63 1 10
1 3 64 1 10
1 3 65 1 -10
1 3 66 1 -10
1 3 67 1 10
1 3 68 1 10
1 3 69 1 10
1 3 7 0 -10
1 3 70 1 10
1 3 71 1 10
1 3 72 1 10
1 3 73 1 -10
1 3 74 1 -10
1 3 75 1 10
1 3 76 1 10
1 3 77 1 10
1 3 78 1 10
1 3 79 1 -10
1 3 8 1 -10
1 3 80 1 -10
1 3 81 1 -10
1 3 82 1 10
1 3 83 1 10
1 3 84 0 -10
1 3 85 1 10
1 3 86 1 -10
1 3 87 1 10
1 3 88 1 -10
1 3 89 1 -10
1 3 9 0 -10
1 3 90 0 -10
1 3 91 1 10
1 3 92 1 10
1 3 93 1 10
1 3 94 1 -10
1 3 95 1 10
1 3 96 1 10
1 3 97 1 10
1 3 98 1 10
1 3 99 1 -10
1 4 1 0 -10
1 4 10 1 10
1 4 100 1 10
1 4 11 1 10
1 4 12 1 -10
1 4 13 1 10
1 4 14 1 -10
1 4 15 1 -10
1 4 16 1 10
1 4 17 1 -10
1 4 18 1 10
1 4 19 1 10
1 4 2 0 10
1 4 20 1 10
1 4 21 1 -10
1 4 22 1 10
1 4 23 1 -10
1 4 24 1 10
1 4 25 1 -10
1 4 26 1 10
1 4 27 1 10
1 4 28 1 10
1 4 29 1 10
1 4 3 0 -10
1 4 30 1 10
1 4 31 1 10
1 4 32 1 10
1 4 33 1 -10
1 4 34 1 -10
1 4 35 1 10
1 4 36 1 10
1 4 37 1 -10
1 4 38 1 10
1 4 39 1 10
1 4 4 1 -10
1 4 40 1 10
1 4 41 1 10
1 4 42 1 10
1 4 43 1 -10
1 4 44 1 10
1 4 45 1 10
1 4 46 1 10
1 4 47 1 10
1 4 48 1 10
1 4 49 1 -10
1 4 5 1 10
1 4 50 1 10
1 4 51 1 10
1 4 52 1 -10
1 4 53 1 10
1 4 54 1 10
1 4 55 1 10
1 4 56 1 10
1 4 57 1 10
1 4 58 1 -10
1 4 59 1 10
1 4 6 1 10
1 4 60 1 10
1 4 61 1 -10
1 4 62 1 10
1 4 63 1 -10
1 4 64 1 -10
1 4 65 0 -10
1 4 66 1 -10
1 4 67 1 10
1 4 68 1 -10
1 4 69 1 10
1 4 7 0 -10
1 4 70 1 10
1 4 71 0 -10
1 4 72 1 10
1 4 73 1 10
1 4 74 1 -10
1 4 75 1 10
1 4 76 1 10
1 4 77 1 -10
1 4 78 1 10
1 4 79 1 -10
1 4 8 1 10
1 4 80 1 10
1 4 81 1 -10
1 4 82 1 10
1 4 83 1 10
1 4 84 1 10
1 4 85 1 10
1 4 86 1 10
1 4 87 1 10
1 4 88 1 10
1 4 89 1 10
1 4 9 1 10
1 4 90 1 10
1 4 91 1 10
1 4 92 1 -10
1 4 93 1 10
1 4 94 1 10
1 4 95 1 10
1 4 96 1 10
1 4 97 1 10
1 4 98 1 10
1 4 99 1 10
10 1 1 1 -10
10 1 10 1 10
10 1 100 0 -10
10 1 11 1 10
10 1 12 1 -10
10 1 13 1 10
10 1 14 1 10
10 1 15 1 10
10 1 16 1 10
10 1 17 1 10
10 1 18 1 10
10 1 19 1 -10
10 1 2 0 -10
10 1 20 1 10
10 1 21 1 10
10 1 22 1 10
10 1 23 1 10
10 1 24 1 -10
10 1 25 0 -10
10 1 26 0 -10
10 1 27 1 10
10 1 28 1 10
10 1 29 1 10
10 1 3 1 10
10 1 30 1 10
10 1 31 1 -10
10 1 32 0 -10
10 1 33 0 -10
10 1 34 1 10
10 1 35 1 -10
10 1 36 0 -10
10 1 37 0 -10
10 1 38 1 -10
10 1 39 1 10
10 1 4 1 10
10 1 40 1 10
10 1 41 1 -10
10 1 42 0 -10
10 1 43 1 -10
10 1 44 0 -10
10 1 45 0 10
10 1 46 0 -10
10 1 47 1 10
10 1 48 1 10
10 1 49 1 -10
10 1 5 1 10
10 1 50 0 10
10 1 51 0 10
10 1 52 0 -10
10 1 53 0 -10
10 1 54 0 10
10 1 55 0 -10
10 1 56 1 -10
10 1 57 0 -10
10 1 58 0 -10
10 1 59 1 10
10 1 6 1 10
10 1 60 1 10
10 1 61 1 10
10 1 62 1 10
10 1 63 1 -10
10 1 64 1 10
10 1 65 1 -10
10 1 66 1 -10
10 1 67 0 -10
10 1 68 1 -10
10 1 69 0 -10
10 1 7 1 -10
10 1 70 1 10
10 1 71 1 10
10 1 72 1 10
10 1 73 1 10
10 1 74 1 10
10 1 75 1 -10
10 1 76 0 -10
10 1 77 0 -10
10 1 78 0 -10
10 1 79 0 -10
10 1 8 1 10
10 1 80 0 -10
10 1 81 0 -10
10 1 82 1 10
10 1 83 1 10
10 1 84 1 10
10 1 85 1 10
10 1 86 1 10
10 1 87 1 -10
10 1 88 0 10
10 1 89 0 10
10 1 9 1 10
10 1 90 0 10
10 1 91 0 -10
10 1 92 0 -10
10 1 93 1 10
10 1 94 1 -10
10 1 95 1 10
10 1 96 1 10
10 1 97 1 10
10 1 98 1 10
10 1 99 1 -10
10 2 1 0 -10
10 2 10 1 -10
10 2 100 0 10
10 2 11 0 -10
10 2 12 0 -10
10 2 13 0 -10
10 2 14 1 -10
10 2 15 0 -10
10 2 16 1 10
10 2 17 1 10
10 2 18 1 -10
10 2 19 1 10
10 2 2 1 10
10 2 20 1 10
10 2 21 1 10
10 2 22 1 -10
10 2 23 0 -10
10 2 24 0 -10
10 2 25 1 10
10 2 26 1 10
10 2 27 1 -10
10 2 28 0 -10
10 2 29 1 -10
10 2 3 1 -10
10 2 30 1 10
10 2 31 1 10
10 2 32 1 10
10 2 33 1 -10
10 2 34 0 -10
10 2 35 0 -10
10 2 36 0 -10
10 2 37 1 -10
10 2 38 0 -10
10 2 39 0 -10
10 2 4 1 10
10 2 40 0 -10
10 2 41 0 -10
10 2 42 0 -10
10 2 43 1 -10
10 2 44 0 -10
10 2 45 0 -10
10 2 46 1 10
10 2 47 1 10
10 2 48 1 -10
10 2 49 1 10
10 2 5 1 -10
10 2 50 1 10
10 2 51 1 10
10 2 52 1 10
10 2 53 1 -10
10 2 54 0 -10
10 2 55 0 -10
10 2 56 0 -10
10 2 57 1 10
10 2 58 1 -10
10 2 59 0 10
10 2 6 0 -10
10 2 60 0 -10
10 2 61 1 10
10 2 62 1 -10
10 2 63 1 10
10 2 64 1 10
10 2 65 1 10
10 2 66 1 10
10 2 67 1 10
10 2 68 1 10
10 2 69 1 -10
10 2 7 0 -10
10 2 70 0 -10
10 2 71 1 -10
10 2 72 1 -10
10 2 73 1 10
10 2 74 1 10
10 2 75 1 10
10 2 76 1 10
10 2 77 1 10
10 2 78 1 -10
10 2 79 1 10
10 2 8 1 10
10 2 80 1 10
10 2 81 1 10
10 2 82 1 10
10 2 83 1 10
10 2 84 1 10
10 2 85 1 10
10 2 86 1 10
10 2 87 1 10
10 2 88 1 10
10 2 89 1 10
10 2 9 1 -10
10 2 90 1 10
10 2 91 1 10
10 2 92 1 10
10 2 93 1 10
10 2 94 1 10
10 2 95 1 10
10 2 96 1 10
10 2 97 1 10
10 2 98 1 10
10 2 99 1 -10
10 3 1 0 -10
10 3 10 0 10
10 3 100 1 10
10 3 11 0 10
10 3 12 0 -10
10 3 13 1 10
10 3 14 1 -10
10 3 15 1 10
10 3 16 1 10
10 3 17 1 10
10 3 18 1 -10
10 3 19 0 -10
10 3 2 1 10
10 3 20 0 10
10 3 21 0 10
10 3 22 0 -10
10 3 23 0 -10
10 3 24 0 -10
10 3 25 0 10
10 3 26 0 -10
10 3 27 1 -10
10 3 28 0 -10
10 3 29 1 10
10 3 3 1 10
10 3 30 1 -10
10 3 31 1 10
10 3 32 1 10
10 3 33 1 10
10 3 34 1 10
10 3 35 1 10
10 3 36 1 10
10 3 37 1 10
10 3 38 1 10
10 3 39 1 10
10 3 4 1 -10
10 3 40 1 -10
10 3 41 1 -10
10 3 42 1 -10
10 3 43 1 10
10 3 44 1 -10
10 3 45 1 10
10 3 46 1 10
10 3 47 1 10
10 3 48 1 10
10 3 49 1 10
10 3 5 1 10
10 3 50 1 10
10 3 51 1 10
10 3 52 1 10
10 3 53 1 10
10 3 54 1 10
10 3 55 1 10
10 3 56 1 10
10 3 57 1 10
10 3 58 1 10
10 3 59 1 10
10 3 6 1 -10
10 3 60 1 10
10 3 61 1 10
10 3 62 1 10
10 3 63 1 10
10 3 64 1 -10
10 3 65 0 -10
10 3 66 1 10
10 3 67 1 10
10 3 68 1 10
10 3 69 1 10
10 3 7 0 -10
10 3 70 1 10
10 3 71 1 10
10 3 72 1 10
10 3 73 1 10
10 3 74 1 -10
10 3 75 1 10
10 3 76 1 10
10 3 77 1 10
10 3 78 1 10
10 3 79 1 -10
10 3 8 0 -10
10 3 80 0 -10
10 3 81 0 10
10 3 82 0 -10
10 3 83 0 -10
10 3 84 0 -10
10 3 85 0 -10
10 3 86 0 -10
10 3 87 1 10
10 3 88 1 10
10 3 89 1 10
10 3 9 0 10
10 3 90 1 -10
10 3 91 1 -10
10 3 92 1 -10
10 3 93 0 -10
10 3 94 1 10
10 3 95 1 -10
10 3 96 0 -10
10 3 97 1 -10
10 3 98 0 -10
10 3 99 1 10
10 4 1 0 10
10 4 10 1 10
10 4 100 1 10
10 4 11 1 10
10 4 12 1 -10
10 4 13 0 -10
10 4 14 0 -10
10 4 15 0 -10
10 4 16 0 -10
10 4 17 1 -10
10 4 18 1 10
10 4 19 1 -10
10 4 2 0 -10
10 4 20 1 10
10 4 21 1 10
10 4 22 1 -10
10 4 23 0 -10
10 4 24 1 -10
10 4 25 1 -10
10 4 26 1 -10
10 4 27 0 -10
10 4 28 0 -10
10 4 29 0 -10
10 4 3 1 -10
10 4 30 1 -10
10 4 31 1 10
10 4 32 1 10
10 4 33 1 10
10 4 34 1 -10
10 4 35 1 10
10 4 36 1 10
10 4 37 1 10
10 4 38 1 -10
10 4 39 0 -10
10 4 4 1 10
10 4 40 0 10
10 4 41 0 -10
10 4 42 0 -10
10 4 43 0 -10
10 4 44 0 -10
10 4 45 0 -10
10 4 46 1 -10
10 4 47 0 10
10 4 48 0 10
10 4 49 0 -10
10 4 5 1 10
10 4 50 1 -10
10 4 51 0 10
10 4 52 0 10
10 4 53 0 10
10 4 54 0 -10
10 4 55 1 10
10 4 56 1 10
10 4 57 1 -10
10 4 58 0 -10
10 4 59 1 10
10 4 6 1 10
10 4 60 1 10
10 4 61 1 10
10 4 62 1 10
10 4 63 1 10
10 4 64 1 -10
10 4 65 1 -10
10 4 66 0 -10
10 4 67 0 -10
10 4 68 1 10
10 4 69 1 -10
10 4 7 1 -10
10 4 70 0 -10
10 4 71 1 10
10 4 72 1 10
10 4 73 1 10
10 4 74 1 -10
10 4 75 1 -10
10 4 76 0 10
10 4 77 0 -10
10 4 78 0 -10
10 4 79 1 10
10 4 8 1 10
10 4 80 1 -10
10 4 81 0 -10
10 4 82 1 10
10 4 83 1 -10
10 4 84 0 10
10 4 85 0 -10
10 4 86 1 10
10 4 87 1 -10
10 4 88 1 10
10 4 89 1 10
10 4 9 1 -10
10 4 90 1 -10
10 4 91 0 10
10 4 92 0 10
10 4 93 0 -10
10 4 94 1 10
10 4 95 1 10
10 4 96 1 10
10 4 97 1 10
10 4 98 1 10
10 4 99 1 10
2 1 1 1 10
2 1 10 1 10
2 1 100 1 10
2 1 11 1 10
2 1 12 1 10
2 1 13 1 -10
2 1 14 1 10
2 1 15 1 10
2 1 16 1 -10
2 1 17 0 -10
2 1 18 0 -10
2 1 19 1 10
2 1 2 1 10
2 1 20 0 -10
2 1 21 1 10
2 1 22 1 -10
2 1 23 1 -10
2 1 24 0 -10
2 1 25 1 10
2 1 26 1 10
2 1 27 1 10
2 1 28 1 10
2 1 29 1 -10
2 1 3 1 10
2 1 30 1 10
2 1 31 1 10
2 1 32 1 -10
2 1 33 1 10
2 1 34 1 10
2 1 35 1 -10
2 1 36 1 10
2 1 37 1 10
2 1 38 1 10
2 1 39 1 -10
2 1 4 0 10
2 1 40 1 -10
2 1 41 1 -10
2 1 42 1 10
2 1 43 1 -10
2 1 44 1 10
2 1 45 1 10
2 1 46 1 10
2 1 47 1 10
2 1 48 1 -10
2 1 49 1 10
2 1 5 1 -10
2 1 50 1 10
2 1 51 1 10
2 1 52 1 -10
2 1 53 1 10
2 1 54 1 -10
2 1 55 1 10
2 1 56 1 10
2 1 57 1 10
2 1 58 1 10
2 1 59 1 10
2 1 6 1 10
2 1 60 1 10
2 1 61 1 -10
2 1 62 1 10
2 1 63 1 10
2 1 64 1 10
2 1 65 1 10
2 1 66 1 10
2 1 67 1 10
2 1 68 1 10
2 1 69 1 -10
2 1 7 0 -10
2 1 70 1 10
2 1 71 1 10
2 1 72 1 10
2 1 73 1 -10
2 1 74 1 10
2 1 75 1 10
2 1 76 1 10
2 1 77 1 10
2 1 78 1 10
2 1 79 1 10
2 1 8 1 10
2 1 80 1 10
2 1 81 1 10
2 1 82 1 10
2 1 83 1 10
2 1 84 1 10
2 1 85 1 10
2 1 86 1 -10
2 1 87 1 10
2 1 88 1 10
2 1 89 1 10
2 1 9 1 10
2 1 90 1 10
2 1 91 1 -10
2 1 92 1 10
2 1 93 1 -10
2 1 94 1 -10
2 1 95 1 10
2 1 96 1 10
2 1 97 1 -10
2 1 98 1 10
2 1 99 1 10
2 2 1 0 -10
2 2 10 1 10
2 2 100 1 10
2 2 11 1 10
2 2 12 1 10
2 2 13 1 -10
2 2 14 1 10
2 2 15 1 10
2 2 16 1 -10
2 2 17 1 10
2 2 18 1 -10
2 2 19 1 10
2 2 2 1 10
2 2 20 1 10
2 2 21 1 10
2 2 22 1 -10
2 2 23 1 10
2 2 24 1 10
2 2 25 1 10
2 2 26 1 -10
2 2 27 1 10
2 2 28 1 10
2 2 29 1 10
2 2 3 1 10
2 2 30 1 10
2 2 31 1 10
2 2 32 1 10
2 2 33 1 -10
2 2 34 1 10
2 2 35 1 10
2 2 36 1 10
2 2 37 1 10
2 2 38 1 10
2 2 39 1 10
2 2 4 1 10
2 2 40 1 10
2 2 41 1 10
2 2 42 1 -10
2 2 43 1 -10
2 2 44 1 -10
2 2 45 0 -10
2 2 46 1 -10
2 2 47 1 10
2 2 48 1 10
2 2 49 1 10
2 2 5 1 10
2 2 50 1 10
2 2 51 1 -10
2 2 52 1 10
2 2 53 1 10
2 2 54 1 10
2 2 55 1 10
2 2 56 1 10
2 2 57 1 10
2 2 58 1 10
2 2 59 1 10
2 2 6 1 10
2 2 60 1 10
2 2 61 1 10
2 2 62 1 10
2 2 63 1 10
2 2 64 1 -10
2 2 65 1 10
2 2 66 1 10
2 2 67 1 10
2 2 68 1 -10
2 2 69 1 -10
2 2 7 1 10
2 2 70 1 10
2 2 71 1 -10
2 2 72 1 10
2 2 73 1 10
2 2 74 1 10
2 2 75 1 10
2 2 76 1 -10
2 2 77 1 10
2 2 78 1 -10
2 2 79 1 -10
2 2 8 1 10
2 2 80 1 10
2 2 81 1 10
2 2 82 1 10
2 2 83 1 10
2 2 84 1 -10
2 2 85 1 -10
2 2 86 0 -10
2 2 87 1 10
2 2 88 1 10
2 2 89 1 -10
2 2 9 1 10
2 2 90 1 -10
2 2 91 1 10
2 2 92 1 10
2 2 93 1 -10
2 2 94 1 10
2 2 95 1 -10
2 2 96 1 10
2 2 97 0 10
2 2 98 1 10
2 2 99 1 10
2 3 1 1 10
2 3 10 0 -10
2 3 100 1 -10
2 3 11 1 10
2 3 12 1 -10
2 3 13 1 -10
2 3 14 1 -10
2 3 15 0 10
2 3 16 1 10
2 3 17 1 10
2 3 18 1 -10
2 3 19 1 10
2 3 2 1 10
2 3 20 1 10
2 3 21 1 10
2 3 22 1 -10
2 3 23 1 10
2 3 24 1 10
2 3 25 1 -10
2 3 26 1 10
2 3 27 1 10
2 3 28 1 10
2 3 29 1 10
2 3 3 1 10
2 3 30 1 -10
2 3 31 1 10
2 3 32 1 10
2 3 33 1 -10
2 3 34 1 10
2 3 35 1 10
2 3 36 0 10
2 3 37 1 10
2 3 38 1 10
2 3 39 1 -10
2 3 4 1 10
2 3 40 1 10
2 3 41 1 10
2 3 42 1 10
2 3 43 1 -10
2 3 44 0 -10
2 3 45 1 -10
2 3 46 0 -10
2 3 47 1 10
2 3 48 1 10
2 3 49 1 10
2 3 5 1 -10
2 3 50 1 -10
2 3 51 1 10
2 3 52 1 10
2 3 53 1 10
2 3 54 1 10
2 3 55 1 10
2 3 56 1 -10
2 3 57 1 -10
2 3 58 1 10
2 3 59 1 10
2 3 6 1 -10
2 3 60 1 -10
2 3 61 1 -10
2 3 62 1 -10
2 3 63 1 10
2 3 64 1 10
2 3 65 1 10
2 3 66 1 -10
2 3 67 0 -10
2 3 68 1 10
2 3 69 1 10
2 3 7 0 10
2 3 70 1 10
2 3 71 1 10
2 3 72 1 10
2 3 73 1 10
2 3 74 1 -10
2 3 75 1 10
2 3 76 1 10
2 3 77 1 10
2 3 78 1 10
2 3 79 1 10
2 3 8 0 -10
2 3 80 1 -10
2 3 81 1 10
2 3 82 1 -10
2 3 83 1 10
2 3 84 1 10
2 3 85 1 10
2 3 86 1 10
2 3 87 1 10
2 3 88 1 -10
2 3 89 1 10
2 3 9 1 10
2 3 90 1 10
2 3 91 1 10
2 3 92 1 10
2 3 93 1 10
2 3 94 1 10
2 3 95 1 10
2 3 96 1 10
2 3 97 1 10
2 3 98 1 10
2 3 99 1 -10
2 4 1 0 -10
2 4 10 1 -10
2 4 100 1 10
2 4 11 1 10
2 4 12 0 -10
2 4 13 1 10
2 4 14 1 10
2 4 15 1 10
2 4 16 1 -10
2 4 17 1 -10
2 4 18 1 10
2 4 19 1 10
2 4 2 0 -10
2 4 20 1 -10
2 4 21 1 -10
2 4 22 1 10
2 4 23 1 10
2 4 24 1 -10
2 4 25 1 10
2 4 26 1 10
2 4 27 1 10
2 4 28 1 10
2 4 29 1 10
2 4 3 0 -10
2 4 30 1 10
2 4 31 1 -10
2 4 32 1 10
2 4 33 1 10
2 4 34 1 10
2 4 35 1 10
2 4 36 1 -10
2 4 37 1 10
2 4 38 1 10
2 4 39 1 10
2 4 4 1 10
2 4 40 1 -10
2 4 41 1 10
2 4 42 1 -10
2 4 43 1 -10
2 4 44 1 10
2 4 45 1 10
2 4 46 1 10
2 4 47 1 10
2 4 48 1 10
2 4 49 1 -10
2 4 5 1 -10
2 4 50 1 10
2 4 51 1 10
2 4 52 1 10
2 4 53 1 10
2 4 54 1 10
2 4 55 1 10
2 4 56 1 10
2 4 57 1 10
2 4 58 1 10
2 4 59 1 -10
2 4 6 1 -10
2 4 60 1 10
2 4 61 1 -10
2 4 62 1 10
2 4 63 1 -10
2 4 64 1 10
2 4 65 1 10
2 4 66 1 10
2 4 67 1 10
2 4 68 1 10
2 4 69 1 -10
2 4 7 1 10
2 4 70 1 10
2 4 71 1 10
2 4 72 1 -10
2 4 73 1 10
2 4 74 1 10
2 4 75 1 -10
2 4 76 1 10
2 4 77 1 10
2 4 78 1 10
2 4 79 1 10
2 4 8 1 -10
2 4 80 1 10
2 4 81 1 -10
2 4 82 1 10
2 4 83 1 10
2 4 84 1 10
2 4 85 1 10
2 4 86 1 10
2 4 87 1 -10
2 4 88 1 10
2 4 89 1 10
2 4 9 1 10
2 4 90 1 -10
2 4 91 1 10
2 4 92 1 10
2 4 93 1 10
2 4 94 1 10
2 4 95 1 10
2 4 96 1 10
2 4 97 1 10
2 4 98 1 10
2 4 99 1 -10
3 1 1 1 10
3 1 10 1 10
3 1 100 1 10
3 1 11 1 10
3 1 12 1 10
3 1 13 1 10
3 1 14 1 10
3 1 15 1 10
3 1 16 1 10
3 1 17 1 10
3 1 18 1 10
3 1 19 1 10
3 1 2 0 -10
3 1 20 1 -10
3 1 21 1 10
3 1 22 1 10
3 1 23 1 10
3 1 24 1 10
3 1 25 1 -10
3 1 26 1 10
3 1 27 1 10
3 1 28 1 10
3 1 29 1 10
3 1 3 1 -10
3 1 30 1 -10
3 1 31 1 10
3 1 32 1 -10
3 1 33 1 10
3 1 34 1 10
3 1 35 1 -10
3 1 36 1 -10
3 1 37 1 10
3 1 38 1 -10
3 1 39 1 10
3 1 4 1 10
3 1 40 1 10
3 1 41 1 -10
3 1 42 1 10
3 1 43 1 10
3 1 44 1 10
3 1 45 1 10
3 1 46 1 10
3 1 47 1 10
3 1 48 1 -10
3 1 49 1 10
3 1 5 1 10
3 1 50 1 -10
3 1 51 1 10
3 1 52 1 -10
3 1 53 1 10
3 1 54 1 10
3 1 55 1 -10
3 1 56 1 10
3 1 57 1 10
3 1 58 1 -10
3 1 59 1 10
3 1 6 1 -10
3 1 60 1 -10
3 1 61 1 10
3 1 62 1 -10
3 1 63 1 10
3 1 64 1 10
3 1 65 1 10
3 1 66 1 10
3 1 67 1 10
3 1 68 1 10
3 1 69 1 10
3 1 7 0 -10
3 1 70 1 10
3 1 71 1 10
3 1 72 1 -10
3 1 73 1 10
3 1 74 1 10
3 1 75 1 -10
3 1 76 1 10
3 1 77 1 -10
3 1 78 1 10
3 1 79 1 10
3 1 8 1 10
3 1 80 1 -10
3 1 81 1 -10
3 1 82 1 10
3 1 83 1 10
3 1 84 1 10
3 1 85 1 10
3 1 86 1 10
3 1 87 1 10
3 1 88 1 10
3 1 89 1 10
3 1 9 1 -10
3 1 90 1 10
3 1 91 1 10
3 1 92 1 10
3 1 93 1 10
3 1 94 1 10
3 1 95 1 10
3 1 96 1 10
3 1 97 1 10
3 1 98 1 10
3 1 99 1 10
3 2 1 0 10
3 2 10 1 -10
3 2 100 1 -10
3 2 11 1 10
3 2 12 1 10
3 2 13 1 10
3 2 14 1 -10
3 2 15 1 10
3 2 16 1 -10
3 2 17 0 10
3 2 18 0 -10
3 2 19 1 -10
3 2 2 0 10
3 2 20 0 -10
3 2 21 0 -10
3 2 22 0 -10
3 2 23 1 10
3 2 24 1 10
3 2 25 1 10
3 2 26 1 -10
3 2 27 1 10
3 2 28 1 10
3 2 29 1 10
3 2 3 0 -10
3 2 30 1 10
3 2 31 1 -10
3 2 32 1 10
3 2 33 1 10
3 2 34 1 10
3 2 35 1 -10
3 2 36 1 -10
3 2 37 1 10
3 2 38 1 10
3 2 39 1 10
3 2 4 1 10
3 2 40 1 10
3 2 41 1 10
3 2 42 1 -10
3 2 43 1 -10
3 2 44 1 10
3 2 45 1 10
3 2 46 1 10
3 2 47 1 10
3 2 48 1 10
3 2 49 1 -10
3 2 5 0 -10
3 2 50 1 10
3 2 51 1 10
3 2 52 1 10
3 2 53 1 -10
3 2 54 0 10
3 2 55 1 10
3 2 56 1 10
3 2 57 1 10
3 2 58 1 -10
3 2 59 1 10
3 2 6 1 10
3 2 60 1 10
3 2 61 1 -10
3 2 62 1 10
3 2 63 1 10
3 2 64 1 10
3 2 65 1 10
3 2 66 1 -10
3 2 67 1 10
3 2 68 1 10
3 2 69 1 10
3 2 7 1 10
3 2 70 1 10
3 2 71 1 10
3 2 72 1 10
3 2 73 1 -10
3 2 74 1 -10
3 2 75 1 10
3 2 76 1 10
3 2 77 1 -10
3 2 78 1 10
3 2 79 1 -10
3 2 8 1 -10
3 2 80 0 10
3 2 81 1 -10
3 2 82 0 -10
3 2 83 1 10
3 2 84 1 -10
3 2 85 0 -10
3 2 86 1 -10
3 2 87 0 -10
3 2 88 0 -10
3 2 89 0 10
3 2 9 1 10
3 2 90 0 -10
3 2 91 1 -10
3 2 92 0 -10
3 2 93 0 -10
3 2 94 1 10
3 2 95 1 10
3 2 96 1 -10
3 2 97 1 10
3 2 98 1 10
3 2 99 0 -10
3 3 1 1 10
3 3 10 1 10
3 3 100 1 10
3 3 11 1 10
3 3 12 1 10
3 3 13 1 10
3 3 14 1 10
3 3 15 1 10
3 3 16 1 10
3 3 17 1 -10
3 3 18 1 -10
3 3 19 1 -10
3 3 2 1 -10
3 3 20 0 -10
3 3 21 1 10
3 3 22 1 10
3 3 23 1 -10
3 3 24 1 10
3 3 25 1 10
3 3 26 1 10
3 3 27 1 10
3 3 28 1 10
3 3 29 1 10
3 3 3 1 -10
3 3 30 1 10
3 3 31 1 -10
3 3 32 1 10
3 3 33 1 10
3 3 34 1 10
3 3 35 1 10
3 3 36 1 10
3 3 37 1 -10
3 3 38 1 10
3 3 39 1 -10
3 3 4 0 -10
3 3 40 1 10
3 3 41 1 10
3 3 42 1 10
3 3 43 1 -10
3 3 44 1 10
3 3 45 1 10
3 3 46 1 -10
3 3 47 1 10
3 3 48 1 -10
3 3 49 1 -10
3 3 5 0 -10
3 3 50 0 -10
3 3 51 1 10
3 3 52 1 10
3 3 53 1 10
3 3 54 1 10
3 3 55 1 10
3 3 56 1 10
3 3 57 1 10
3 3 58 1 10
3 3 59 1 -10
3 3 6 0 10
3 3 60 1 10
3 3 61 1 10
3 3 62 1 10
3 3 63 1 10
3 3 64 1 10
3 3 65 1 -10
3 3 66 1 10
3 3 67 1 10
3 3 68 1 -10
3 3 69 1 10
3 3 7 0 -10
3 3 70 1 10
3 3 71 1 10
3 3 72 1 10
3 3 73 1 10
3 3 74 1 10
3 3 75 1 10
3 3 76 1 10
3 3 77 1 10
3 3 78 1 10
3 3 79 1 10
3 3 8 1 10
3 3 80 1 10
3 3 81 1 10
3 3 82 1 10
3 3 83 1 10
3 3 84 1 10
3 3 85 1 10
3 3 86 1 10
3 3 87 1 10
3 3 88 1 10
3 3 89 1 10
3 3 9 1 10
3 3 90 1 10
3 3 91 1 10
3 3 92 1 10
3 3 93 1 -10
3 3 94 1 10
3 3 95 1 -10
3 3 96 1 -10
3 3 97 1 10
3 3 98 1 10
3 3 99 1 10
3 4 1 1 10
3 4 10 1 10
3 4 100 1 10
3 4 11 1 10
3 4 12 1 -10
3 4 13 0 10
3 4 14 1 10
3 4 15 1 10
3 4 16 1 10
3 4 17 0 -10
3 4 18 1 -10
3 4 19 1 10
3 4 2 1 10
3 4 20 1 10
3 4 21 1 -10
3 4 22 0 10
3 4 23 0 10
3 4 24 0 -10
3 4 25 0 -10
3 4 26 0 -10
3 4 27 1 -10
3 4 28 1 10
3 4 29 1 -10
3 4 3 1 10
3 4 30 1 10
3 4 31 1 10
3 4 32 1 10
3 4 33 0 -10
3 4 34 1 10
3 4 35 1 -10
3 4 36 1 10
3 4 37 1 10
3 4 38 1 -10
3 4 39 1 10
3 4 4 1 10
3 4 40 1 10
3 4 41 1 10
3 4 42 1 10
3 4 43 1 10
3 4 44 1 -10
3 4 45 1 10
3 4 46 1 10
3 4 47 1 -10
3 4 48 1 10
3 4 49 1 -10
3 4 5 1 10
3 4 50 1 10
3 4 51 1 10
3 4 52 1 10
3 4 53 1 10
3 4 54 1 10
3 4 55 1 10
3 4 56 1 10
3 4 57 1 -10
3 4 58 1 10
3 4 59 1 10
3 4 6 1 10
3 4 60 1 10
3 4 61 1 10
3 4 62 1 10
3 4 63 1 -10
3 4 64 1 10
3 4 65 1 -10
3 4 66 1 -10
3 4 67 1 10
3 4 68 1 10
3 4 69 1 10
3 4 7 1 10
3 4 70 1 10
3 4 71 1 10
3 4 72 1 -10
3 4 73 1 10
3 4 74 1 10
3 4 75 1 10
3 4 76 1 10
3 4 77 1 10
3 4 78 1 10
3 4 79 1 10
3 4 8 1 10
3 4 80 1 10
3 4 81 1 -10
3 4 82 1 10
3 4 83 1 10
3 4 84 1 10
3 4 85 1 10
3 4 86 1 10
3 4 87 1 10
3 4 88 1 10
3 4 89 1 10
3 4 9 1 -10
3 4 90 1 -10
3 4 91 1 -10
3 4 92 1 10
3 4 93 1 10
3 4 94 1 10
3 4 95 1 -10
3 4 96 1 10
3 4 97 1 10
3 4 98 1 10
3 4 99 1 10
4 1 1 1 10
4 1 10 1 10
4 1 100 1 10
4 1 11 1 -10
4 1 12 1 10
4 1 13 1 10
4 1 14 1 10
4 1 15 1 10
4 1 16 1 10
4 1 17 1 -10
4 1 18 1 10
4 1 19 1 10
4 1 2 1 10
4 1 20 1 10
4 1 21 1 10
4 1 22 1 10
4 1 23 1 10
4 1 24 1 10
4 1 25 1 -10
4 1 26 1 10
4 1 27 1 10
4 1 28 1 10
4 1 29 1 -10
4 1 3 1 10
4 1 30 1 10
4 1 31 1 10
4 1 32 1 -10
4 1 33 1 -10
4 1 34 1 10
4 1 35 1 10
4 1 36 1 10
4 1 37 1 -10
4 1 38 1 10
4 1 39 1 10
4 1 4 0 -10
4 1 40 1 10
4 1 41 1 10
4 1 42 1 -10
4 1 43 1 -10
4 1 44 0 10
4 1 45 0 -10
4 1 46 0 -10
4 1 47 1 -10
4 1 48 0 10
4 1 49 0 -10
4 1 5 1 10
4 1 50 0 -10
4 1 51 1 10
4 1 52 1 10
4 1 53 1 10
4 1 54 1 10
4 1 55 1 10
4 1 56 1 10
4 1 57 1 10
4 1 58 1 10
4 1 59 1 10
4 1 6 1 10
4 1 60 1 10
4 1 61 1 10
4 1 62 1 10
4 1 63 1 10
4 1 64 1 10
4 1 65 1 10
4 1 66 1 10
4 1 67 1 -10
4 1 68 1 10
4 1 69 1 10
4 1 7 1 10
4 1 70 1 10
4 1 71 1 10
4 1 72 1 10
4 1 73 1 -10
4 1 74 1 10
4 1 75 1 10
4 1 76 1 10
4 1 77 1 -10
4 1 78 0 -10
4 1 79 1 -10
4 1 8 1 10
4 1 80 0 10
4 1 81 0 -10
4 1 82 0 -10
4 1 83 0 -10
4 1 84 1 -10
4 1 85 1 10
4 1 86 1 10
4 1 87 1 10
4 1 88 1 10
4 1 89 1 10
4 1 9 1 10
4 1 90 1 10
4 1 91 1 10
4 1 92 1 10
4 1 93 1 10
4 1 94 1 10
4 1 95 1 10
4 1 96 1 -10
4 1 97 1 10
4 1 98 1 10
4 1 99 1 10
4 2 1 1 10
4 2 10 1 10
4 2 100 1 10
4 2 11 1 10
4 2 12 1 -10
4 2 13 0 -10
4 2 14 1 -10
4 2 15 1 -10
4 2 16 1 10
4 2 17 1 -10
4 2 18 1 -10
4 2 19 0 -10
4 2 2 1 10
4 2 20 1 10
4 2 21 1 10
4 2 22 1 10
4 2 23 1 10
4 2 24 1 10
4 2 25 1 10
4 2 26 1 -10
4 2 27 1 10
4 2 28 1 -10
4 2 29 1 10
4 2 3 1 10
4 2 30 1 10
4 2 31 1 10
4 2 32 1 10
4 2 33 1 10
4 2 34 1 10
4 2 35 1 10
4 2 36 1 -10
4 2 37 1 10
4 2 38 1 10
4 2 39 1 10
4 2 4 1 -10
4 2 40 1 10
4 2 41 1 10
4 2 42 1 10
4 2 43 1 -10
4 2 44 1 10
4 2 45 1 10
4 2 46 1 10
4 2 47 1 -10
4 2 48 1 10
4 2 49 1 10
4 2 5 0 -10
4 2 50 1 10
4 2 51 1 10
4 2 52 1 -10
4 2 53 1 10
4 2 54 1 10
4 2 55 1 10
4 2 56 1 10
4 2 57 1 10
4 2 58 1 10
4 2 59 1 10
4 2 6 1 -10
4 2 60 1 10
4 2 61 1 -10
4 2 62 1 10
4 2 63 1 -10
4 2 64 1 10
4 2 65 1 10
4 2 66 1 10
4 2 67 1 10
4 2 68 1 10
4 2 69 1 -10
4 2 7 0 -10
4 2 70 1 10
4 2 71 1 -10
4 2 72 1 -10
4 2 73 1 -10
4 2 74 0 -10
4 2 75 1 10
4 2 76 1 10
4 2 77 1 10
4 2 78 1 10
4 2 79 1 10
4 2 8 0 10
4 2 80 1 10
4 2 81 1 10
4 2 82 1 10
4 2 83 1 -10
4 2 84 1 -10
4 2 85 0 -10
4 2 86 1 10
4 2 87 1 10
4 2 88 1 10
4 2 89 1 10
4 2 9 0 -10
4 2 90 1 10
4 2 91 1 10
4 2 92 1 -10
4 2 93 1 10
4 2 94 1 10
4 2 95 1 -10
4 2 96 1 10
4 2 97 1 10
4 2 98 1 10
4 2 99 1 -10
4 3 1 1 10
4 3 10 1 -10
4 3 100 1 -10
4 3 11 1 10
4 3 12 1 10
4 3 13 1 10
4 3 14 1 -10
4 3 15 1 10
4 3 16 1 -10
4 3 17 1 10
4 3 18 1 10
4 3 19 1 -10
4 3 2 1 10
4 3 20 0 -10
4 3 21 1 10
4 3 22 1 -10
4 3 23 1 10
4 3 24 1 10
4 3 25 1 10
4 3 26 1 10
4 3 27 1 10
4 3 28 1 10
4 3 29 1 -10
4 3 3 1 10
4 3 30 1 10
4 3 31 1 10
4 3 32 1 10
4 3 33 1 10
4 3 34 1 10
4 3 35 1 10
4 3 36 1 -10
4 3 37 1 10
4 3 38 1 -10
4 3 39 1 -10
4 3 4 1 10
4 3 40 1 -10
4 3 41 1 10
4 3 42 1 10
4 3 43 1 10
4 3 44 1 -10
4 3 45 1 -10
4 3 46 1 10
4 3 47 1 10
4 3 48 1 10
4 3 49 1 10
4 3 5 1 -10
4 3 50 1 -10
4 3 51 1 10
4 3 52 1 10
4 3 53 1 10
4 3 54 1 10
4 3 55 1 10
4 3 56 1 -10
4 3 57 1 -10
4 3 58 1 10
4 3 59 0 -10
4 3 6 1 10
4 3 60 1 10
4 3 61 1 10
4 3 62 1 10
4 3 63 1 10
4 3 64 1 10
4 3 65 1 -10
4 3 66 1 10
4 3 67 1 10
4 3 68 1 10
4 3 69 1 10
4 3 7 1 -10
4 3 70 1 10
4 3 71 1 10
4 3 72 1 10
4 3 73 1 10
4 3 74 1 10
4 3 75 1 10
4 3 76 1 10
4 3 77 1 10
4 3 78 1 10
4 3 79 1 10
4 3 8 0 -10
4 3 80 1 10
4 3 81 1 10
4 3 82 1 10
4 3 83 1 10
4 3 84 1 10
4 3 85 1 10
4 3 86 1 10
4 3 87 1 10
4 3 88 1 10
4 3 89 1 10
4 3 9 1 10
4 3 90 1 10
4 3 91 1 10
4 3 92 1 10
4 3 93 1 10
4 3 94 1 10
4 3 95 1 10
4 3 96 1 10
4 3 97 1 10
4 3 98 1 10
4 3 99 1 10
4 4 1 0 -10
4 4 10 1 10
4 4 100 1 10
4 4 11 1 10
4 4 12 1 10
4 4 13 1 10
4 4 14 1 10
4 4 15 1 10
4 4 16 1 10
4 4 17 1 10
4 4 18 1 -10
4 4 19 1 10
4 4 2 1 10
4 4 20 1 10
4 4 21 1 10
4 4 22 1 10
4 4 23 1 10
4 4 24 1 -10
4 4 25 1 10
4 4 26 1 -10
4 4 27 1 -10
4 4 28 1 10
4 4 29 1 10
4 4 3 1 10
4 4 30 1 10
4 4 31 1 10
4 4 32 1 10
4 4 33 1 10
4 4 34 1 10
4 4 35 1 10
4 4 36 1 10
4 4 37 1 10
4 4 38 1 10
4 4 39 1 10
4 4 4 1 10
4 4 40 1 10
4 4 41 1 10
4 4 42 1 10
4 4 43 1 10
4 4 44 1 10
4 4 45 1 10
4 4 46 1 10
4 4 47 1 -10
4 4 48 1 10
4 4 49 1 10
4 4 5 1 10
4 4 50 1 10
4 4 51 1 10
4 4 52 1 10
4 4 53 1 10
4 4 54 1 10
4 4 55 1 10
4 4 56 1 10
4 4 57 1 -10
4 4 58 1 10
4 4 59 0 -10
4 4 6 1 -10
4 4 60 1 10
4 4 61 1 10
4 4 62 1 10
4 4 63 1 10
4 4 64 1 -10
4 4 65 1 10
4 4 66 1 10
4 4 67 1 10
4 4 68 1 10
4 4 69 1 10
4 4 7 1 10
4 4 70 1 10
4 4 71 1 10
4 4 72 1 10
4 4 73 1 10
4 4 74 1 -10
4 4 75 1 10
4 4 76 1 10
4 4 77 1 10
4 4 78 1 10
4 4 79 1 10
4 4 8 1 10
4 4 80 1 10
4 4 81 1 10
4 4 82 1 -10
4 4 83 1 -10
4 4 84 1 10
4 4 85 1 10
4 4 86 1 -10
4 4 87 1 10
4 4 88 1 -10
4 4 89 1 10
4 4 9 1 -10
4 4 90 1 10
4 4 91 1 10
4 4 92 1 10
4 4 93 1 10
4 4 94 1 10
4 4 95 1 -10
4 4 96 1 10
4 4 97 1 10
4 4 98 1 10
4 4 99 1 10
5 1 1 0 -10
5 1 10 1 -10
5 1 100 1 10
5 1 11 1 10
5 1 12 1 10
5 1 13 1 10
5 1 14 1 10
5 1 15 1 10
5 1 16 1 10
5 1 17 1 -10
5 1 18 1 10
5 1 19 1 10
5 1 2 1 10
5 1 20 1 10
5 1 21 1 10
5 1 22 1 -10
5 1 23 1 10
5 1 24 1 -10
5 1 25 1 -10
5 1 26 0 -10
5 1 27 0 -10
5 1 28 1 10
5 1 29 1 10
5 1 3 1 10
5 1 30 1 10
5 1 31 1 10
5 1 32 1 10
5 1 33 1 10
5 1 34 1 10
5 1 35 1 10
5 1 36 1 10
5 1 37 1 10
5 1 38 1 10
5 1 39 1 10
5 1 4 1 10
5 1 40 1 10
5 1 41 1 10
5 1 42 1 10
5 1 43 1 10
5 1 44 1 10
5 1 45 1 -10
5 1 46 1 10
5 1 47 1 10
5 1 48 1 10
5 1 49 1 -10
5 1 5 1 10
5 1 50 1 -10
5 1 51 0 -10
5 1 52 1 10
5 1 53 1 10
5 1 54 1 10
5 1 55 1 10
5 1 56 1 10
5 1 57 1 10
5 1 58 1 10
5 1 59 1 10
5 1 6 1 -10
5 1 60 1 10
5 1 61 1 10
5 1 62 1 10
5 1 63 1 10
5 1 64 1 10
5 1 65 1 10
5 1 66 1 10
5 1 67 1 10
5 1 68 1 -10
5 1 69 1 10
5 1 7 1 -10
5 1 70 1 10
5 1 71 1 10
5 1 72 1 10
5 1 73 1 10
5 1 74 1 10
5 1 75 1 10
5 1 76 1 10
5 1 77 1 10
5 1 78 1 10
5 1 79 1 10
5 1 8 0 -10
5 1 80 1 10
5 1 81 1 -10
5 1 82 1 10
5 1 83 1 10
5 1 84 1 10
5 1 85 1 10
5 1 86 1 -10
5 1 87 1 10
5 1 88 1 10
5 1 89 1 10
5 1 9 1 10
5 1 90 1 10
5 1 91 1 -10
5 1 92 1 10
5 1 93 1 -10
5 1 94 1 -10
5 1 95 1 -10
5 1 96 0 -10
5 1 97 1 10
5 1 98 1 10
5 1 99 1 -10
5 2 1 0 10
5 2 10 1 10
5 2 100 1 10
5 2 11 1 10
5 2 12 1 10
5 2 13 1 -10
5 2 14 1 10
5 2 15 1 10
5 2 16 1 10
5 2 17 1 10
5 2 18 1 10
5 2 19 1 10
5 2 2 0 -10
5 2 20 1 10
5 2 21 1 -10
5 2 22 1 10
5 2 23 1 -10
5 2 24 0 -10
5 2 25 1 10
5 2 26 1 -10
5 2 27 1 10
5 2 28 1 10
5 2 29 1 10
5 2 3 1 10
5 2 30 1 10
5 2 31 1 10
5 2 32 1 10
5 2 33 1 10
5 2 34 1 -10
5 2 35 1 10
5 2 36 1 10
5 2 37 1 10
5 2 38 1 10
5 2 39 1 10
5 2 4 1 10
5 2 40 1 10
5 2 41 1 10
5 2 42 1 10
5 2 43 1 10
5 2 44 1 10
5 2 45 1 10
5 2 46 1 10
5 2 47 1 10
5 2 48 1 10
5 2 49 1 10
5 2 5 1 10
5 2 50 1 10
5 2 51 1 10
5 2 52 1 10
5 2 53 1 10
5 2 54 1 -10
5 2 55 1 10
5 2 56 1 10
5 2 57 1 -10
5 2 58 1 10
5 2 59 1 -10
5 2 6 1 -10
5 2 60 0 10
5 2 61 0 10
5 2 62 0 -10
5 2 63 0 -10
5 2 64 1 -10
5 2 65 1 -10
5 2 66 0 -10
5 2 67 1 -10
5 2 68 0 -10
5 2 69 0 -10
5 2 7 1 -10
5 2 70 1 -10
5 2 71 1 10
5 2 72 1 10
5 2 73 1 -10
5 2 74 1 -10
5 2 75 1 10
5 2 76 1 10
5 2 77 1 10
5 2 78 1 10
5 2 79 1 10
5 2 8 1 10
5 2 80 1 10
5 2 81 1 10
5 2 82 1 10
5 2 83 1 -10
5 2 84 1 10
5 2 85 1 10
5 2 86 1 -10
5 2 87 1 10
5 2 88 1 10
5 2 89 1 -10
5 2 9 1 10
5 2 90 1 -10
5 2 91 1 10
5 2 92 1 10
5 2 93 1 10
5 2 94 1 -10
5 2 95 1 -10
5 2 96 1 10
5 2 97 1 -10
5 2 98 1 10
5 2 99 1 10
5 3 1 0 -10
5 3 10 1 -10
5 3 100 1 10
5 3 11 0 -10
5 3 12 1 10
5 3 13 1 10
5 3 14 1 10
5 3 15 1 10
5 3 16 1 10
5 3 17 1 -10
5 3 18 1 10
5 3 19 1 10
5 3 2 1 10
5 3 20 1 10
5 3 21 1 10
5 3 22 1 10
5 3 23 1 10
5 3 24 1 10
5 3 25 1 10
5 3 26 1 10
5 3 27 1 10
5 3 28 1 10
5 3 29 1 -10
5 3 3 1 10
5 3 30 1 10
5 3 31 1 10
5 3 32 1 -10
5 3 33 1 -10
5 3 34 0 -10
5 3 35 0 -10
5 3 36 0 -10
5 3 37 1 -10
5 3 38 1 10
5 3 39 1 -10
5 3 4 1 10
5 3 40 1 -10
5 3 41 0 -10
5 3 42 1 -10
5 3 43 1 -10
5 3 44 0 -10
5 3 45 0 10
5 3 46 0 -10
5 3 47 0 10
5 3 48 0 -10
5 3 49 0 -10
5 3 5 1 10
5 3 50 0 -10
5 3 51 1 10
5 3 52 1 -10
5 3 53 0 -10
5 3 54 0 -10
5 3 55 0 10
5 3 56 0 -10
5 3 57 0 -10
5 3 58 1 10
5 3 59 1 -10
5 3 6 1 10
5 3 60 1 10
5 3 61 1 -10
5 3 62 1 10
5 3 63 1 -10
5 3 64 0 -10
5 3 65 0 -10
5 3 66 1 10
5 3 67 1 10
5 3 68 1 10
5 3 69 1 10
5 3 7 1 -10
5 3 70 1 10
5 3 71 1 -10
5 3 72 1 10
5 3 73 1 10
5 3 74 1 10
5 3 75 1 10
5 3 76 1 10
5 3 77 1 10
5 3 78 1 10
5 3 79 1 10
5 3 8 1 10
5 3 80 1 10
5 3 81 1 -10
5 3 82 1 10
5 3 83 1 -10
5 3 84 0 10
5 3 85 0 10
5 3 86 0 -10
5 3 87 0 -10
5 3 88 1 10
5 3 89 1 10
5 3 9 1 10
5 3 90 1 10
5 3 91 1 10
5 3 92 1 10
5 3 93 1 -10
5 3 94 1 -10
5 3 95 0 -10
5 3 96 1 10
5 3 97 1 -10
5 3 98 1 10
5 3 99 1 10
5 4 1 1 10
5 4 10 1 10
5 4 100 1 10
5 4 11 1 10
5 4 12 1 10
5 4 13 1 10
5 4 14 1 -10
5 4 15 1 10
5 4 16 1 -10
5 4 17 0 -10
5 4 18 1 10
5 4 19 1 10
5 4 2 1 10
5 4 20 1 -10
5 4 21 1 10
5 4 22 1 10
5 4 23 1 -10
5 4 24 1 -10
5 4 25 1 10
5 4 26 1 -10
5 4 27 0 -10
5 4 28 0 -10
5 4 29 1 -10
5 4 3 1 10
5 4 30 1 10
5 4 31 1 10
5 4 32 1 -10
5 4 33 1 10
5 4 34 1 10
5 4 35 1 -10
5 4 36 1 -10
5 4 37 0 10
5 4 38 0 -10
5 4 39 0 -10
5 4 4 1 10
5 4 40 0 10
5 4 41 0 -10
5 4 42 0 -10
5 4 43 0 -10
5 4 44 1 10
5 4 45 1 10
5 4 46 1 10
5 4 47 1 10
5 4 48 1 10
5 4 49 1 10
5 4 5 1 10
5 4 50 1 10
5 4 51 1 -10
5 4 52 1 10
5 4 53 1 -10
5 4 54 0 10
5 4 55 0 10
5 4 56 0 -10
5 4 57 1 -10
5 4 58 1 -10
5 4 59 0 -10
5 4 6 1 10
5 4 60 1 10
5 4 61 1 -10
5 4 62 1 10
5 4 63 1 10
5 4 64 1 10
5 4 65 1 10
5 4 66 1 10
5 4 67 1 10
5 4 68 1 10
5 4 69 1 10
5 4 7 1 10
5 4 70 1 10
5 4 71 1 10
5 4 72 1 -10
5 4 73 1 -10
5 4 74 1 10
5 4 75 1 10
5 4 76 1 -10
5 4 77 1 10
5 4 78 1 10
5 4 79 1 10
5 4 8 1 -10
5 4 80 1 10
5 4 81 1 10
5 4 82 1 10
5 4 83 1 -10
5 4 84 1 10
5 4 85 1 10
5 4 86 1 10
5 4 87 1 10
5 4 88 1 10
5 4 89 1 10
5 4 9 0 -10
5 4 90 1 10
5 4 91 1 10
5 4 92 1 10
5 4 93 1 -10
5 4 94 0 -10
5 4 95 1 10
5 4 96 1 -10
5 4 97 0 10
5 4 98 0 -10
5 4 99 1 10
6 1 1 1 10
6 1 10 1 10
6 1 100 1 10
6 1 11 1 10
6 1 12 1 10
6 1 13 1 -10
6 1 14 1 -10
6 1 15 0 10
6 1 16 0 -10
6 1 17 0 -10
6 1 18 0 -10
6 1 19 1 10
6 1 2 1 10
6 1 20 1 10
6 1 21 1 10
6 1 22 1 -10
6 1 23 1 10
6 1 24 1 10
6 1 25 1 10
6 1 26 1 10
6 1 27 1 10
6 1 28 1 10
6 1 29 1 10
6 1 3 1 10
6 1 30 1 -10
6 1 31 1 10
6 1 32 1 10
6 1 33 1 -10
6 1 34 1 10
6 1 35 1 10
6 1 36 1 10
6 1 37 1 10
6 1 38 1 10
6 1 39 1 10
6 1 4 1 10
6 1 40 1 10
6 1 41 1 10
6 1 42 1 10
6 1 43 1 10
6 1 44 1 10
6 1 45 1 10
6 1 46 1 10
6 1 47 1 10
6 1 48 1 10
6 1 49 1 10
6 1 5 1 -10
6 1 50 1 10
6 1 51 1 10
6 1 52 1 10
6 1 53 1 10
6 1 54 1 -10
6 1 55 1 -10
6 1 56 1 -10
6 1 57 0 10
6 1 58 0 10
6 1 59 0 10
6 1 6 0 -10
6 1 60 0 10
6 1 61 0 -10
6 1 62 0 -10
6 1 63 0 -10
6 1 64 0 -10
6 1 65 1 10
6 1 66 1 10
6 1 67 1 10
6 1 68 1 10
6 1 69 1 10
6 1 7 1 10
6 1 70 1 10
6 1 71 1 10
6 1 72 1 10
6 1 73 1 10
6 1 74 1 10
6 1 75 1 10
6 1 76 1 10
6 1 77 1 -10
6 1 78 1 10
6 1 79 1 10
6 1 8 1 -10
6 1 80 1 10
6 1 81 1 10
6 1 82 1 -10
6 1 83 1 10
6 1 84 1 10
6 1 85 1 -10
6 1 86 1 -10
6 1 87 1 10
6 1 88 1 10
6 1 89 1 10
6 1 9 1 10
6 1 90 1 10
6 1 91 1 10
6 1 92 1 10
6 1 93 1 10
6 1 94 1 10
6 1 95 1 10
6 1 96 1 -10
6 1 97 1 10
6 1 98 1 10
6 1 99 1 10
6 2 1 0 10
6 2 10 0 10
6 2 100 1 10
6 2 11 0 10
6 2 12 0 -10
6 2 13 0 10
6 2 14 0 10
6 2 15 0 -10
6 2 16 0 10
6 2 17 0 -10
6 2 18 0 10
6 2 19 0 10
6 2 2 0 10
6 2 20 0 10
6 2 21 0 -10
6 2 22 0 -10
6 2 23 0 -10
6 2 24 1 -10
6 2 25 0 -10
6 2 26 0 -10
6 2 27 1 10
6 2 28 1 10
6 2 29 1 10
6 2 3 0 -10
6 2 30 1 -10
6 2 31 0 10
6 2 32 0 -10
6 2 33 1 10
6 2 34 1 10
6 2 35 1 10
6 2 36 1 10
6 2 37 1 10
6 2 38 1 -10
6 2 39 1 10
6 2 4 1 10
6 2 40 1 -10
6 2 41 0 10
6 2 42 0 10
6 2 43 0 -10
6 2 44 1 10
6 2 45 1 10
6 2 46 1 -10
6 2 47 1 10
6 2 48 1 -10
6 2 49 0 -10
6 2 5 1 10
6 2 50 1 10
6 2 51 1 10
6 2 52 1 10
6 2 53 1 10
6 2 54 1 10
6 2 55 1 10
6 2 56 1 10
6 2 57 1 10
6 2 58 1 10
6 2 59 1 10
6 2 6 1 10
6 2 60 1 10
6 2 61 1 10
6 2 62 1 10
6 2 63 1 -10
6 2 64 0 -10
6 2 65 1 -10
6 2 66 1 10
6 2 67 1 10
6 2 68 1 10
6 2 69 1 -10
6 2 7 1 -10
6 2 70 1 10
6 2 71 1 -10
6 2 72 1 -10
6 2 73 1 -10
6 2 74 1 10
6 2 75 1 10
6 2 76 1 10
6 2 77 1 10
6 2 78 1 10
6 2 79 1 10
6 2 8 0 -10
6 2 80 1 10
6 2 81 1 10
6 2 82 1 -10
6 2 83 1 10
6 2 84 1 10
6 2 85 1 10
6 2 86 1 -10
6 2 87 1 -10
6 2 88 1 10
6 2 89 1 10
6 2 9 1 -10
6 2 90 1 10
6 2 91 1 10
6 2 92 1 10
6 2 93 1 10
6 2 94 1 10
6 2 95 1 10
6 2 96 1 10
6 2 97 1 10
6 2 98 1 10
6 2 99 1 -10
6 3 1 1 10
6 3 10 1 10
6 3 100 1 -10
6 3 11 1 10
6 3 12 1 10
6 3 13 1 10
6 3 14 1 10
6 3 15 1 10
6 3 16 1 10
6 3 17 1 10
6 3 18 1 10
6 3 19 1 10
6 3 2 1 10
6 3 20 1 10
6 3 21 1 10
6 3 22 1 10
6 3 23 1 10
6 3 24 1 -10
6 3 25 1 -10
6 3 26 0 -10
6 3 27 0 -10
6 3 28 0 -10
6 3 29 1 10
6 3 3 1 10
6 3 30 1 -10
6 3 31 0 -10
6 3 32 1 10
6 3 33 1 -10
6 3 34 1 10
6 3 35 1 -10
6 3 36 0 -10
6 3 37 1 10
6 3 38 1 10
6 3 39 1 10
6 3 4 1 10
6 3 40 1 10
6 3 41 1 -10
6 3 42 1 -10
6 3 43 1 10
6 3 44 1 10
6 3 45 1 10
6 3 46 1 10
6 3 47 1 10
6 3 48 1 -10
6 3 49 1 -10
6 3 5 1 10
6 3 50 1 -10
6 3 51 0 -10
6 3 52 0 -10
6 3 53 0 -10
6 3 54 0 -10
6 3 55 1 10
6 3 56 1 10
6 3 57 0 -10
6 3 58 1 -10
6 3 59 1 10
6 3 6 1 10
6 3 60 1 -10
6 3 61 1 10
6 3 62 1 10
6 3 63 1 10
6 3 64 1 10
6 3 65 1 10
6 3 66 1 10
6 3 67 1 10
6 3 68 1 10
6 3 69 1 10
6 3 7 0 -10
6 3 70 1 10
6 3 71 1 10
6 3 72 1 10
6 3 73 1 10
6 3 74 1 10
6 3 75 1 10
6 3 76 1 10
6 3 77 1 10
6 3 78 1 10
6 3 79 1 10
6 3 8 1 10
6 3 80 1 -10
6 3 81 0 -10
6 3 82 1 -10
6 3 83 1 10
6 3 84 1 10
6 3 85 1 10
6 3 86 1 10
6 3 87 1 10
6 3 88 1 10
6 3 89 1 10
6 3 9 1 10
6 3 90 1 10
6 3 91 1 10
6 3 92 1 10
6 3 93 1 10
6 3 94 1 10
6 3 95 1 10
6 3 96 1 10
6 3 97 1 10
6 3 98 1 10
6 3 99 1 10
6 4 1 0 -10
6 4 10 1 10
6 4 100 1 10
6 4 11 1 10
6 4 12 1 10
6 4 13 1 -10
6 4 14 1 10
6 4 15 1 10
6 4 16 1 10
6 4 17 1 10
6 4 18 1 10
6 4 19 1 10
6 4 2 1 10
6 4 20 1 10
6 4 21 1 10
6 4 22 1 10
6 4 23 1 10
6 4 24 1 10
6 4 25 1 10
6 4 26 1 10
6 4 27 1 10
6 4 28 1 10
6 4 29 1 10
6 4 3 1 -10
6 4 30 1 10
6 4 31 1 -10
6 4 32 1 10
6 4 33 1 10
6 4 34 1 10
6 4 35 1 10
6 4 36 1 -10
6 4 37 1 10
6 4 38 1 10
6 4 39 1 10
6 4 4 0 10
6 4 40 1 10
6 4 41 1 -10
6 4 42 1 10
6 4 43 1 10
6 4 44 1 10
6 4 45 1 10
6 4 46 1 10
6 4 47 1 -10
6 4 48 1 10
6 4 49 1 -10
6 4 5 0 -10
6 4 50 1 -10
6 4 51 1 10
6 4 52 1 10
6 4 53 1 -10
6 4 54 1 10
6 4 55 1 10
6 4 56 1 10
6 4 57 1 10
6 4 58 1 10
6 4 59 1 10
6 4 6 0 -10
6 4 60 1 10
6 4 61 1 10
6 4 62 1 10
6 4 63 1 10
6 4 64 1 10
6 4 65 1 10
6 4 66 1 -10
6 4 67 1 10
6 4 68 1 -10
6 4 69 1 10
6 4 7 1 10
6 4 70 1 10
6 4 71 1 10
6 4 72 1 10
6 4 73 1 10
6 4 74 1 10
6 4 75 1 10
6 4 76 1 10
6 4 77 1 10
6 4 78 1 -10
6 4 79 1 10
6 4 8 1 10
6 4 80 1 10
6 4 81 1 10
6 4 82 1 10
6 4 83 1 10
6 4 84 1 -10
6 4 85 1 -10
6 4 86 0 10
6 4 87 0 -10
6 4 88 0 -10
6 4 89 0 -10
6 4 9 1 -10
6 4 90 1 -10
6 4 91 0 10
6 4 92 0 -10
6 4 93 0 -10
6 4 94 1 -10
6 4 95 0 -10
6 4 96 1 10
6 4 97 1 -10
6 4 98 1 10
6 4 99 1 10
7 1 1 0 10
7 1 10 1 10
7 1 100 1 10
7 1 11 1 10
7 1 12 1 10
7 1 13 1 10
7 1 14 1 10
7 1 15 1 10
7 1 16 1 10
7 1 17 1 10
7 1 18 1 10
7 1 19 1 10
7 1 2 0 -10
7 1 20 1 -10
7 1 21 0 -10
7 1 22 0 -10
7 1 23 1 10
7 1 24 1 10
7 1 25 1 10
7 1 26 1 10
7 1 27 1 10
7 1 28 1 10
7 1 29 1 10
7 1 3 1 10
7 1 30 1 10
7 1 31 1 10
7 1 32 1 10
7 1 33 1 10
7 1 34 1 -10
7 1 35 1 10
7 1 36 1 10
7 1 37 1 10
7 1 38 1 10
7 1 39 1 10
7 1 4 1 10
7 1 40 1 -10
7 1 41 1 -10
7 1 42 1 10
7 1 43 1 -10
7 1 44 1 10
7 1 45 1 10
7 1 46 1 10
7 1 47 1 -10
7 1 48 1 10
7 1 49 1 10
7 1 5 1 -10
7 1 50 1 10
7 1 51 1 10
7 1 52 1 10
7 1 53 1 10
7 1 54 1 10
7 1 55 1 10
7 1 56 1 10
7 1 57 1 -10
7 1 58 1 10
7 1 59 1 10
7 1 6 1 10
7 1 60 1 10
7 1 61 1 10
7 1 62 1 10
7 1 63 1 10
7 1 64 1 10
7 1 65 1 -10
7 1 66 0 -10
7 1 67 1 10
7 1 68 1 10
7 1 69 1 10
7 1 7 1 10
7 1 70 1 10
7 1 71 1 10
7 1 72 1 -10
7 1 73 0 -10
7 1 74 1 10
7 1 75 1 10
7 1 76 1 10
7 1 77 1 10
7 1 78 1 10
7 1 79 1 10
7 1 8 1 10
7 1 80 1 10
7 1 81 1 10
7 1 82 1 -10
7 1 83 0 -10
7 1 84 1 -10
7 1 85 0 -10
7 1 86 0 -10
7 1 87 1 10
7 1 88 1 10
7 1 89 1 10
7 1 9 1 10
7 1 90 1 10
7 1 91 1 10
7 1 92 1 10
7 1 93 1 -10
7 1 94 1 -10
7 1 95 1 10
7 1 96 1 10
7 1 97 1 -10
7 1 98 1 -10
7 1 99 1 -10
7 2 1 0 -10
7 2 10 1 10
7 2 100 1 -10
7 2 11 1 10
7 2 12 1 -10
7 2 13 1 10
7 2 14 1 -10
7 2 15 1 -10
7 2 16 1 10
7 2 17 1 10
7 2 18 1 10
7 2 19 1 -10
7 2 2 1 -10
7 2 20 1 -10
7 2 21 0 -10
7 2 22 1 10
7 2 23 1 10
7 2 24 1 10
7 2 25 1 -10
7 2 26 1 10
7 2 27 1 10
7 2 28 1 10
7 2 29 1 -10
7 2 3 1 -10
7 2 30 1 10
7 2 31 1 10
7 2 32 1 10
7 2 33 1 10
7 2 34 1 -10
7 2 35 1 -10
7 2 36 1 10
7 2 37 1 10
7 2 38 1 10
7 2 39 1 10
7 2 4 0 -10
7 2 40 1 -10
7 2 41 1 10
7 2 42 1 10
7 2 43 1 -10
7 2 44 1 10
7 2 45 1 10
7 2 46 1 -10
7 2 47 0 -10
7 2 48 1 -10
7 2 49 0 -10
7 2 5 1 10
7 2 50 1 10
7 2 51 1 10
7 2 52 1 10
7 2 53 1 -10
7 2 54 1 -10
7 2 55 1 10
7 2 56 1 10
7 2 57 1 10
7 2 58 1 -10
7 2 59 1 10
7 2 6 1 10
7 2 60 1 10
7 2 61 1 10
7 2 62 1 10
7 2 63 1 10
7 2 64 1 10
7 2 65 1 10
7 2 66 1 10
7 2 67 1 -10
7 2 68 1 10
7 2 69 1 10
7 2 7 1 10
7 2 70 1 10
7 2 71 1 10
7 2 72 1 10
7 2 73 1 10
7 2 74 1 -10
7 2 75 1 10
7 2 76 1 10
7 2 77 1 10
7 2 78 1 10
7 2 79 1 10
7 2 8 1 -10
7 2 80 1 -10
7 2 81 1 10
7 2 82 1 -10
7 2 83 0 -10
7 2 84 0 -10
7 2 85 1 10
7 2 86 1 -10
7 2 87 0 -10
7 2 88 1 -10
7 2 89 1 10
7 2 9 1 10
7 2 90 1 10
7 2 91 1 10
7 2 92 1 10
7 2 93 1 10
7 2 94 1 10
7 2 95 1 -10
7 2 96 1 10
7 2 97 1 10
7 2 98 1 10
7 2 99 1 10
7 3 1 1 10
7 3 10 0 -10
7 3 100 1 10
7 3 11 0 -10
7 3 12 1 10
7 3 13 1 10
7 3 14 1 10
7 3 15 1 10
7 3 16 1 10
7 3 17 1 10
7 3 18 1 10
7 3 19 1 10
7 3 2 1 10
7 3 20 1 10
7 3 21 1 -10
7 3 22 0 -10
7 3 23 0 -10
7 3 24 1 10
7 3 25 1 10
7 3 26 1 -10
7 3 27 1 -10
7 3 28 1 10
7 3 29 1 -10
7 3 3 1 10
7 3 30 0 -10
7 3 31 1 -10
7 3 32 0 -10
7 3 33 1 10
7 3 34 1 10
7 3 35 1 10
7 3 36 1 -10
7 3 37 0 -10
7 3 38 0 10
7 3 39 0 10
7 3 4 1 10
7 3 40 0 -10
7 3 41 0 -10
7 3 42 1 10
7 3 43 1 10
7 3 44 1 10
7 3 45 1 10
7 3 46 1 -10
7 3 47 1 10
7 3 48 1 -10
7 3 49 1 10
7 3 5 1 -10
7 3 50 1 10
7 3 51 1 10
7 3 52 1 10
7 3 53 1 10
7 3 54 1 -10
7 3 55 1 -10
7 3 56 1 10
7 3 57 1 10
7 3 58 1 10
7 3 59 1 10
7 3 6 0 -10
7 3 60 1 -10
7 3 61 1 10
7 3 62 1 10
7 3 63 1 10
7 3 64 1 10
7 3 65 1 10
7 3 66 1 -10
7 3 67 1 10
7 3 68 1 10
7 3 69 1 10
7 3 7 1 10
7 3 70 1 -10
7 3 71 1 10
7 3 72 1 10
7 3 73 1 10
7 3 74 1 10
7 3 75 1 10
7 3 76 1 -10
7 3 77 1 10
7 3 78 1 10
7 3 79 1 10
7 3 8 1 -10
7 3 80 1 10
7 3 81 1 10
7 3 82 1 10
7 3 83 1 10
7 3 84 1 -10
7 3 85 1 -10
7 3 86 1 10
7 3 87 1 -10
7 3 88 1 10
7 3 89 1 10
7 3 9 0 10
7 3 90 1 10
7 3 91 1 -10
7 3 92 1 10
7 3 93 1 10
7 3 94 1 10
7 3 95 1 -10
7 3 96 1 10
7 3 97 1 -10
7 3 98 1 10
7 3 99 1 -10
7 4 1 1 -10
7 4 10 1 10
7 4 100 1 10
7 4 11 1 10
7 4 12 1 -10
7 4 13 1 10
7 4 14 1 10
7 4 15 1 10
7 4 16 1 -10
7 4 17 1 10
7 4 18 1 10
7 4 19 1 10
7 4 2 0 -10
7 4 20 1 -10
7 4 21 1 10
7 4 22 1 -10
7 4 23 0 10
7 4 24 0 10
7 4 25 0 -10
7 4 26 0 -10
7 4 27 1 -10
7 4 28 1 10
7 4 29 1 -10
7 4 3 0 10
7 4 30 1 10
7 4 31 1 10
7 4 32 1 10
7 4 33 1 -10
7 4 34 0 -10
7 4 35 0 -10
7 4 36 1 -10
7 4 37 1 -10
7 4 38 1 10
7 4 39 1 10
7 4 4 0 -10
7 4 40 1 -10
7 4 41 1 10
7 4 42 1 -10
7 4 43 0 -10
7 4 44 1 10
7 4 45 1 10
7 4 46 1 10
7 4 47 1 10
7 4 48 1 10
7 4 49 1 10
7 4 5 0 10
7 4 50 1 10
7 4 51 1 -10
7 4 52 1 10
7 4 53 1 -10
7 4 54 1 10
7 4 55 1 -10
7 4 56 0 -10
7 4 57 0 10
7 4 58 0 -10
7 4 59 0 -10
7 4 6 0 -10
7 4 60 1 10
7 4 61 1 10
7 4 62 1 10
7 4 63 1 10
7 4 64 1 -10
7 4 65 1 10
7 4 66 1 -10
7 4 67 1 10
7 4 68 1 -10
7 4 69 1 10
7 4 7 1 -10
7 4 70 1 10
7 4 71 1 -10
7 4 72 0 10
7 4 73 0 -10
7 4 74 0 -10
7 4 75 1 10
7 4 76 1 10
7 4 77 1 10
7 4 78 1 10
7 4 79 1 10
7 4 8 0 -10
7 4 80 1 10
7 4 81 1 10
7 4 82 1 10
7 4 83 1 10
7 4 84 1 10
7 4 85 1 10
7 4 86 1 -10
7 4 87 1 10
7 4 88 1 10
7 4 89 1 10
7 4 9 1 10
7 4 90 1 10
7 4 91 1 -10
7 4 92 1 10
7 4 93 1 -10
7 4 94 1 10
7 4 95 1 10
7 4 96 1 10
7 4 97 1 10
7 4 98 1 10
7 4 99 1 10
8 1 1 1 10
8 1 10 1 10
8 1 100 1 10
8 1 11 1 -10
8 1 12 1 10
8 1 13 1 10
8 1 14 1 10
8 1 15 1 10
8 1 16 1 10
8 1 17 1 10
8 1 18 1 -10
8 1 19 1 10
8 1 2 1 10
8 1 20 1 10
8 1 21 1 -10
8 1 22 1 10
8 1 23 1 -10
8 1 24 1 10
8 1 25 1 10
8 1 26 1 -10
8 1 27 1 10
8 1 28 1 -10
8 1 29 1 -10
8 1 3 1 -10
8 1 30 0 10
8 1 31 0 10
8 1 32 0 -10
8 1 33 0 -10
8 1 34 0 -10
8 1 35 0 10
8 1 36 0 -10
8 1 37 0 -10
8 1 38 0 -10
8 1 39 1 10
8 1 4 0 -10
8 1 40 1 10
8 1 41 1 10
8 1 42 1 10
8 1 43 1 10
8 1 44 1 -10
8 1 45 1 10
8 1 46 1 10
8 1 47 1 10
8 1 48 1 10
8 1 49 1 -10
8 1 5 1 10
8 1 50 1 10
8 1 51 1 10
8 1 52 1 10
8 1 53 1 10
8 1 54 1 10
8 1 55 1 -10
8 1 56 1 10
8 1 57 1 10
8 1 58 1 10
8 1 59 1 -10
8 1 6 1 10
8 1 60 1 10
8 1 61 1 10
8 1 62 1 10
8 1 63 1 10
8 1 64 1 10
8 1 65 1 10
8 1 66 1 10
8 1 67 1 10
8 1 68 1 10
8 1 69 1 10
8 1 7 1 10
8 1 70 1 10
8 1 71 1 10
8 1 72 1 10
8 1 73 1 10
8 1 74 1 10
8 1 75 1 10
8 1 76 1 10
8 1 77 1 10
8 1 78 1 10
8 1 79 1 10
8 1 8 1 -10
8 1 80 1 10
8 1 81 1 10
8 1 82 1 10
8 1 83 1 10
8 1 84 1 10
8 1 85 1 -10
8 1 86 1 10
8 1 87 1 10
8 1 88 1 10
8 1 89 1 10
8 1 9 0 -10
8 1 90 1 10
8 1 91 1 -10
8 1 92 1 10
8 1 93 1 10
8 1 94 1 10
8 1 95 1 10
8 1 96 1 10
8 1 97 1 -10
8 1 98 1 -10
8 1 99 1 10
8 2 1 1 -10
8 2 10 1 10
8 2 100 0 10
8 2 11 1 10
8 2 12 1 -10
8 2 13 0 -10
8 2 14 1 10
8 2 15 1 -10
8 2 16 0 -10
8 2 17 0 -10
8 2 18 1 10
8 2 19 1 10
8 2 2 0 -10
8 2 20 1 10
8 2 21 1 -10
8 2 22 1 10
8 2 23 1 10
8 2 24 1 10
8 2 25 1 -10
8 2 26 1 10
8 2 27 1 10
8 2 28 1 10
8 2 29 1 10
8 2 3 1 -10
8 2 30 1 10
8 2 31 1 10
8 2 32 1 10
8 2 33 1 10
8 2 34 1 10
8 2 35 1 10
8 2 36 1 10
8 2 37 1 10
8 2 38 1 10
8 2 39 1 10
8 2 4 1 10
8 2 40 1 -10
8 2 41 0 -10
8 2 42 1 10
8 2 43 1 10
8 2 44 1 10
8 2 45 1 10
8 2 46 1 10
8 2 47 1 10
8 2 48 1 10
8 2 49 1 10
8 2 5 1 -10
8 2 50 1 -10
8 2 51 1 10
8 2 52 1 10
8 2 53 1 10
8 2 54 1 -10
8 2 55 0 -10
8 2 56 0 10
8 2 57 0 10
8 2 58 0 10
8 2 59 0 -10
8 2 6 1 10
8 2 60 0 -10
8 2 61 1 10
8 2 62 1 10
8 2 63 1 10
8 2 64 1 10
8 2 65 1 -10
8 2 66 1 10
8 2 67 1 10
8 2 68 1 -10
8 2 69 1 -10
8 2 7 1 -10
8 2 70 1 10
8 2 71 1 10
8 2 72 1 10
8 2 73 1 10
8 2 74 1 10
8 2 75 1 10
8 2 76 1 10
8 2 77 1 10
8 2 78 1 10
8 2 79 1 10
8 2 8 0 -10
8 2 80 1 10
8 2 81 1 10
8 2 82 1 10
8 2 83 1 10
8 2 84 1 -10
8 2 85 0 10
8 2 86 0 10
8 2 87 0 -10
8 2 88 0 -10
8 2 89 1 10
8 2 9 1 10
8 2 90 1 10
8 2 91 1 10
8 2 92 1 10
8 2 93 1 10
8 2 94 1 -10
8 2 95 1 10
8 2 96 1 10
8 2 97 1 -10
8 2 98 1 -10
8 2 99 0 10
8 3 1 1 10
8 3 10 1 10
8 3 100 1 10
8 3 11 1 -10
8 3 12 1 10
8 3 13 1 10
8 3 14 1 10
8 3 15 1 10
8 3 16 1 10
8 3 17 1 10
8 3 18 1 10
8 3 19 1 10
8 3 2 1 -10
8 3 20 1 -10
8 3 21 0 -10
8 3 22 1 10
8 3 23 1 10
8 3 24 1 10
8 3 25 1 -10
8 3 26 1 10
8 3 27 1 10
8 3 28 1 10
8 3 29 1 -10
8 3 3 0 -10
8 3 30 1 10
8 3 31 1 10
8 3 32 1 10
8 3 33 1 10
8 3 34 1 10
8 3 35 1 -10
8 3 36 0 -10
8 3 37 1 10
8 3 38 1 10
8 3 39 1 10
8 3 4 1 10
8 3 40 1 -10
8 3 41 1 10
8 3 42 1 -10
8 3 43 1 10
8 3 44 1 -10
8 3 45 1 10
8 3 46 1 10
8 3 47 1 10
8 3 48 1 10
8 3 49 1 10
8 3 5 1 10
8 3 50 1 -10
8 3 51 0 -10
8 3 52 0 -10
8 3 53 0 -10
8 3 54 0 -10
8 3 55 0 10
8 3 56 0 10
8 3 57 0 -10
8 3 58 0 -10
8 3 59 1 10
8 3 6 1 10
8 3 60 1 10
8 3 61 1 10
8 3 62 1 10
8 3 63 1 10
8 3 64 1 -10
8 3 65 1 10
8 3 66 1 -10
8 3 67 1 10
8 3 68 1 10
8 3 69 1 10
8 3 7 1 10
8 3 70 1 -10
8 3 71 0 -10
8 3 72 1 -10
8 3 73 0 -10
8 3 74 0 -10
8 3 75 0 -10
8 3 76 0 -10
8 3 77 0 -10
8 3 78 0 -10
8 3 79 1 10
8 3 8 1 10
8 3 80 1 -10
8 3 81 1 -10
8 3 82 1 -10
8 3 83 1 10
8 3 84 1 -10
8 3 85 1 -10
8 3 86 0 -10
8 3 87 1 10
8 3 88 1 10
8 3 89 1 10
8 3 9 1 10
8 3 90 1 10
8 3 91 1 10
8 3 92 1 10
8 3 93 1 10
8 3 94 1 10
8 3 95 1 10
8 3 96 1 10
8 3 97 1 10
8 3 98 1 10
8 3 99 1 10
8 4 1 0 -10
8 4 10 1 10
8 4 100 0 -10
8 4 11 1 10
8 4 12 1 10
8 4 13 1 -10
8 4 14 0 -10
8 4 15 0 10
8 4 16 0 -10
8 4 17 0 -10
8 4 18 1 -10
8 4 19 1 -10
8 4 2 1 -10
8 4 20 0 10
8 4 21 0 10
8 4 22 0 10
8 4 23 0 -10
8 4 24 1 -10
8 4 25 0 -10
8 4 26 0 -10
8 4 27 1 10
8 4 28 1 10
8 4 29 1 10
8 4 3 0 -10
8 4 30 1 10
8 4 31 1 -10
8 4 32 1 -10
8 4 33 0 10
8 4 34 0 -10
8 4 35 0 -10
8 4 36 0 -10
8 4 37 0 10
8 4 38 0 -10
8 4 39 0 -10
8 4 4 0 -10
8 4 40 1 10
8 4 41 1 10
8 4 42 1 10
8 4 43 1 -10
8 4 44 1 10
8 4 45 1 10
8 4 46 1 -10
8 4 47 1 10
8 4 48 1 -10
8 4 49 0 10
8 4 5 0 10
8 4 50 0 -10
8 4 51 1 -10
8 4 52 1 10
8 4 53 1 10
8 4 54 1 10
8 4 55 1 10
8 4 56 1 10
8 4 57 1 10
8 4 58 1 10
8 4 59 1 -10
8 4 6 0 -10
8 4 60 0 -10
8 4 61 0 -10
8 4 62 0 10
8 4 63 0 -10
8 4 64 0 -10
8 4 65 0 -10
8 4 66 0 -10
8 4 67 1 -10
8 4 68 0 -10
8 4 69 1 -10
8 4 7 0 10
8 4 70 1 10
8 4 71 1 -10
8 4 72 1 10
8 4 73 1 -10
8 4 74 1 10
8 4 75 1 10
8 4 76 1 -10
8 4 77 1 10
8 4 78 1 10
8 4 79 1 10
8 4 8 0 -10
8 4 80 1 10
8 4 81 1 10
8 4 82 1 10
8 4 83 1 10
8 4 84 1 10
8 4 85 1 10
8 4 86 1 10
8 4 87 1 -10
8 4 88 1 10
8 4 89 1 10
8 4 9 1 10
8 4 90 1 -10
8 4 91 1 10
8 4 92 1 10
8 4 93 1 10
8 4 94 1 10
8 4 95 1 -10
8 4 96 0 -10
8 4 97 1 -10
8 4 98 1 -10
8 4 99 0 -10
9 1 1 1 10
9 1 10 1 10
9 1 100 1 -10
9 1 11 1 -10
9 1 12 1 -10
9 1 13 0 -10
9 1 14 0 10
9 1 15 0 -10
9 1 16 1 -10
9 1 17 0 10
9 1 18 0 10
9 1 19 0 -10
9 1 2 1 10
9 1 20 1 10
9 1 21 1 -10
9 1 22 0 -10
9 1 23 0 -10
9 1 24 1 -10
9 1 25 0 -10
9 1 26 0 -10
9 1 27 0 -10
9 1 28 0 10
9 1 29 0 -10
9 1 3 1 10
9 1 30 0 10
9 1 31 0 -10
9 1 32 0 -10
9 1 33 0 -10
9 1 34 0 -10
9 1 35 0 10
9 1 36 0 10
9 1 37 0 -10
9 1 38 0 -10
9 1 39 1 10
9 1 4 1 10
9 1 40 1 10
9 1 41 1 10
9 1 42 1 10
9 1 43 1 10
9 1 44 1 -10
9 1 45 0 -10
9 1 46 1 10
9 1 47 1 10
9 1 48 1 10
9 1 49 1 10
9 1 5 1 -10
9 1 50 1 10
9 1 51 1 10
9 1 52 1 10
9 1 53 1 10
9 1 54 1 -10
9 1 55 0 -10
9 1 56 1 10
9 1 57 1 10
9 1 58 1 10
9 1 59 1 10
9 1 6 0 -10
9 1 60 1 10
9 1 61 1 10
9 1 62 1 10
9 1 63 1 -10
9 1 64 0 -10
9 1 65 1 10
9 1 66 1 10
9 1 67 1 10
9 1 68 1 -10
9 1 69 0 -10
9 1 7 1 10
9 1 70 0 10
9 1 71 0 10
9 1 72 0 -10
9 1 73 0 -10
9 1 74 0 -10
9 1 75 0 10
9 1 76 0 10
9 1 77 0 10
9 1 78 0 -10
9 1 79 1 -10
9 1 8 1 -10
9 1 80 0 -10
9 1 81 0 10
9 1 82 0 -10
9 1 83 1 -10
9 1 84 0 -10
9 1 85 0 -10
9 1 86 1 10
9 1 87 1 -10
9 1 88 1 10
9 1 89 1 10
9 1 9 1 10
9 1 90 1 10
9 1 91 1 -10
9 1 92 1 -10
9 1 93 0 -10
9 1 94 0 -10
9 1 95 1 -10
9 1 96 1 10
9 1 97 1 -10
9 1 98 1 10
9 1 99 1 10
9 2 1 0 10
9 2 10 1 10
9 2 100 1 10
9 2 11 1 10
9 2 12 1 10
9 2 13 1 10
9 2 14 1 10
9 2 15 1 -10
9 2 16 1 10
9 2 17 1 10
9 2 18 1 10
9 2 19 1 10
9 2 2 0 -10
9 2 20 1 10
9 2 21 1 10
9 2 22 1 -10
9 2 23 0 -10
9 2 24 1 -10
9 2 25 1 -10
9 2 26 1 10
9 2 27 1 10
9 2 28 1 10
9 2 29 1 10
9 2 3 1 10
9 2 30 1 10
9 2 31 1 10
9 2 32 1 10
9 2 33 1 10
9 2 34 1 -10
9 2 35 1 10
9 2 36 1 10
9 2 37 1 10
9 2 38 1 10
9 2 39 1 10
9 2 4 1 10
9 2 40 1 10
9 2 41 1 10
9 2 42 1 10
9 2 43 1 -10
9 2 44 1 10
9 2 45 1 10
9 2 46 1 10
9 2 47 1 -10
9 2 48 0 10
9 2 49 0 10
9 2 5 1 10
9 2 50 0 -10
9 2 51 0 -10
9 2 52 0 -10
9 2 53 0 -10
9 2 54 1 10
9 2 55 1 10
9 2 56 1 10
9 2 57 1 10
9 2 58 1 10
9 2 59 1 10
9 2 6 1 -10
9 2 60 1 10
9 2 61 1 10
9 2 62 1 10
9 2 63 1 10
9 2 64 1 -10
9 2 65 1 -10
9 2 66 1 10
9 2 67 1 10
9 2 68 1 10
9 2 69 1 -10
9 2 7 1 10
9 2 70 0 -10
9 2 71 1 -10
9 2 72 0 -10
9 2 73 0 10
9 2 74 0 -10
9 2 75 1 10
9 2 76 1 10
9 2 77 1 10
9 2 78 1 -10
9 2 79 1 10
9 2 8 1 10
9 2 80 1 10
9 2 81 1 -10
9 2 82 0 -10
9 2 83 0 10
9 2 84 0 10
9 2 85 0 10
9 2 86 0 -10
9 2 87 1 10
9 2 88 1 10
9 2 89 1 10
9 2 9 1 10
9 2 90 1 10
9 2 91 1 10
9 2 92 1 10
9 2 93 1 10
9 2 94 1 10
9 2 95 1 -10
9 2 96 1 10
9 2 97 1 -10
9 2 98 1 10
9 2 99 1 10
9 3 1 0 -10
9 3 10 1 10
9 3 100 0 -10
9 3 11 1 -10
9 3 12 1 -10
9 3 13 0 -10
9 3 14 0 -10
9 3 15 1 10
9 3 16 1 10
9 3 17 1 10
9 3 18 1 10
9 3 19 1 10
9 3 2 1 10
9 3 20 1 10
9 3 21 1 10
9 3 22 1 10
9 3 23 1 10
9 3 24 1 10
9 3 25 1 -10
9 3 26 0 10
9 3 27 0 -10
9 3 28 0 10
9 3 29 0 -10
9 3 3 1 -10
9 3 30 0 -10
9 3 31 1 10
9 3 32 1 10
9 3 33 1 10
9 3 34 1 10
9 3 35 1 10
9 3 36 1 10
9 3 37 1 10
9 3 38 1 -10
9 3 39 0 -10
9 3 4 0 -10
9 3 40 1 10
9 3 41 1 10
9 3 42 1 10
9 3 43 1 10
9 3 44 1 -10
9 3 45 1 10
9 3 46 1 10
9 3 47 1 -10
9 3 48 1 -10
9 3 49 0 -10
9 3 5 1 10
9 3 50 1 -10
9 3 51 1 10
9 3 52 1 10
9 3 53 1 10
9 3 54 1 10
9 3 55 1 10
9 3 56 1 10
9 3 57 1 10
9 3 58 1 10
9 3 59 1 -10
9 3 6 1 10
9 3 60 0 -10
9 3 61 1 10
9 3 62 1 -10
9 3 63 1 10
9 3 64 1 10
9 3 65 1 -10
9 3 66 0 -10
9 3 67 1 10
9 3 68 1 -10
9 3 69 0 10
9 3 7 1 10
9 3 70 0 -10
9 3 71 0 10
9 3 72 0 -10
9 3 73 1 -10
9 3 74 0 -10
9 3 75 0 10
9 3 76 0 -10
9 3 77 0 10
9 3 78 0 -10
9 3 79 0 -10
9 3 8 1 10
9 3 80 0 10
9 3 81 0 10
9 3 82 0 10
9 3 83 0 10
9 3 84 0 -10
9 3 85 1 -10
9 3 86 0 -10
9 3 87 0 -10
9 3 88 0 -10
9 3 89 0 -10
9 3 9 1 10
9 3 90 1 -10
9 3 91 1 10
9 3 92 1 10
9 3 93 1 10
9 3 94 1 10
9 3 95 1 -10
9 3 96 1 10
9 3 97 1 -10
9 3 98 0 10
9 3 99 0 -10
9 4 1 1 -10
9 4 10 0 -10
9 4 100 0 -10
9 4 11 1 10
9 4 12 1 10
9 4 13 1 10
9 4 14 1 10
9 4 15 1 10
9 4 16 1 10
9 4 17 1 10
9 4 18 1 10
9 4 19 1 10
9 4 2 0 -10
9 4 20 1 10
9 4 21 1 10
9 4 22 1 -10
9 4 23 0 -10
9 4 24 0 -10
9 4 25 1 -10
9 4 26 0 -10
9 4 27 1 10
9 4 28 1 10
9 4 29 1 10
9 4 3 1 10
9 4 30 1 10
9 4 31 1 -10
9 4 32 1 10
9 4 33 1 10
9 4 34 1 10
9 4 35 1 10
9 4 36 1 10
9 4 37 1 10
9 4 38 1 10
9 4 39 1 10
9 4 4 1 -10
9 4 40 1 10
9 4 41 1 10
9 4 42 1 10
9 4 43 1 10
9 4 44 1 10
9 4 45 1 10
9 4 46 1 10
9 4 47 1 10
9 4 48 1 10
9 4 49 1 -10
9 4 5 1 10
9 4 50 1 -10
9 4 51 1 -10
9 4 52 1 10
9 4 53 1 -10
9 4 54 1 -10
9 4 55 0 -10
9 4 56 0 10
9 4 57 0 -10
9 4 58 1 10
9 4 59 1 -10
9 4 6 1 10
9 4 60 1 10
9 4 61 1 10
9 4 62 1 10
9 4 63 1 10
9 4 64 1 10
9 4 65 1 -10
9 4 66 0 -10
9 4 67 1 10
9 4 68 1 10
9 4 69 1 10
9 4 7 1 10
9 4 70 1 10
9 4 71 1 10
9 4 72 1 10
9 4 73 1 -10
9 4 74 1 10
9 4 75 1 10
9 4 76 1 10
9 4 77 1 -10
9 4 78 1 10
9 4 79 1 10
9 4 8 1 10
9 4 80 1 -10
9 4 81 0 -10
9 4 82 1 10
9 4 83 1 10
9 4 84 1 10
9 4 85 1 -10
9 4 86 1 10
9 4 87 1 10
9 4 88 1 10
9 4 89 1 10
9 4 9 1 -10
9 4 90 1 -10
9 4 91 1 10
9 4 92 1 10
9 4 93 1 10
9 4 94 1 10
9 4 95 1 10
9 4 96 1 -10
9 4 97 1 10
9 4 98 1 -10
9 4 99 0 10
