1 0.1 0.1 0.1
2 0.3 0.1 0.1
3 0.5 0.1 0.1
4 0.7 0.1 0.1
5 0.9 0.1 0.1
6 0.1 0.3 0.1
7 0.3 0.3 0.1
8 0.5 0.3 0.1
9 0.7 0.3 0.1
10 0.9 0.3 0.1
11 0.1 0.5 0.1
12 0.3 0.5 0.1
13 0.5 0.5 0.1
14 0.7 0.5 0.1
15 0.9 0.5 0.1
16 0.1 0.7 0.1
17 0.3 0.7 0.1
18 0.5 0.7 0.1
19 0.7 0.7 0.1
20 0.9 0.7 0.1
21 0.1 0.9 0.1
22 0.3 0.9 0.1
23 0.5 0.9 0.1
24 0.7 0.9 0.1
25 0.9 0.9 0.1
26 0.1 0.1 0.3
27 0.3 0.1 0.3
28 0.5 0.1 0.3
29 0.7 0.1 0.3
30 0.9 0.1 0.3
31 0.1 0.3 0.3
32 0.3 0.3 0.3
33 0.5 0.3 0.3
34 0.7 0.3 0.3
35 0.9 0.3 0.3
36 0.1 0.5 0.3
37 0.3 0.5 0.3
38 0.5 0.5 0.3
39 0.7 0.5 0.3
40 0.9 0.5 0.3
41 0.1 0.7 0.3
42 0.3 0.7 0.3
43 0.5 0.7 0.3
44 0.7 0.7 0.3
45 0.9 0.7 0.3
46 0.1 0.9 0.3
47 0.3 0.9 0.3
48 0.5 0.9 0.3
49 0.7 0.9 0.3
50 0.9 0.9 0.3
51 0.1 0.1 0.5
52 0.3 0.1 0.5
53 0.5 0.1 0.5
54 0.7 0.1 0.5
55 0.9 0.1 0.5
56 0.1 0.3 0.5
57 0.3 0.3 0.5
58 0.5 0.3 0.5
59 0.7 0.3 0.5
60 0.9 0.3 0.5
61 0.1 0.5 0.5
62 0.3 0.5 0.5
63 0.5 0.5 0.5
64 0.7 0.5 0.5
65 0.9 0.5 0.5
66 0.1 0.7 0.5
67 0.3 0.7 0.5
68 0.5 0.7 0.5
69 0.7 0.7 0.5
70 0.9 0.7 0.5
71 0.1 0.9 0.5
72 0.3 0.9 0.5
73 0.5 0.9 0.5
74 0.7 0.9 0.5
75 0.9 0.9 0.5
76 0.1 0.1 0.7
77 0.3 0.1 0.7
78 0.5 0.1 0.7
79 0.7 0.1 0.7
80 0.9 0.1 0.7
81 0.1 0.3 0.7
82 0.3 0.3 0.7
83 0.5 0.3 0.7
84 0.7 0.3 0.7
85 0.9 0.3 0.7
86 0.1 0.5 0.7
87 0.3 0.5 0.7
88 0.5 0.5 0.7
89 0.7 0.5 0.7
90 0.9 0.5 0.7
91 0.1 0.7 0.7
92 0.3 0.7 0.7
93 0.5 0.7 0.7
94 0.7 0.7 0.7
95 0.9 0.7 0.7
96 0.1 0.9 0.7
97 0.3 0.9 0.7
98 0.5 0.9 0.7
99 0.7 0.9 0.7
100 0.9 0.9 0.7
101 0.1 0.1 0.9
102 0.3 0.1 0.9
103 0.5 0.1 0.9
104 0.7 0.1 0.9
105 0.9 0.1 0.9
106 0.1 0.3 0.9
107 0.3 0.3 0.9
108 0.5 0.3 0.9
109 0.7 0.3 0.9
110 0.9 0.3 0.9
111 0.1 0.5 0.9
112 0.3 0.5 0.9
113 0.5 0.5 0.9
114 0.7 0.5 0.9
115 0.9 0.5 0.9
116 0.1 0.7 0.9
117 0.3 0.7 0.9
118 0.5 0.7 0.9
119 0.7 0.7 0.9
120 0.9 0.7 0.9
121 0.1 0.9 0.9
122 0.3 0.9 0.9
123 0.5 0.9 0.9
124 0.7 0.9 0.9
125 0.9 0.9 0.9
