455.443683077355 0.0838722919655753 0.132765297218261 467.215891140255 459.443683077355 1 0.1 0.1
471.184887870648 0.0441976125988561 0.216469982465372 482.957095933548 475.184887870648 2 0.2 0.1
412.816159869823 0.361387054831144 0.096680833236631 424.588367932724 416.816159869823 3 0.3 0.1
431.710250883243 0.493100807755405 0.0824031785831437 443.482458946143 435.710250883243 4 0.4 0.1
412.662166038909 0.373437287141424 0.11704726983071 424.434374101809 416.662166038909 5 0.5 0.1
397.937195082405 0.631477048130854 0.0974525853788008 409.709403145305 401.937195082405 6 0.6 0.1
401.787069950879 0.592109114510939 0.0960495933379862 413.55927801378 405.787069950879 7 0.7 0.1
377.604505482685 0.920415601673129 0.0941126922749834 389.376713545585 381.604505482685 8 0.8 0.1
365.06564833901 1 0.0910623557356982 376.837856401911 369.06564833901 9 0.9 0.1
307.417262028482 0.953212016888212 0.147608425852482 319.189470091382 311.417262028482 10 1 0.1
427.145536156357 0.0942197507599773 0.196088674665604 438.917744219257 431.145536156357 11 0.1 0.2
366.58715288277 0.159781691008098 0.223166959012347 378.359360945671 370.58715288277 12 0.2 0.2
332.810578750627 0.270666933115803 0.208147020899211 344.582786813528 336.810578750627 13 0.3 0.2
294.872194585668 0.317394710547929 0.234076894402867 306.644402648569 298.872194585668 14 0.4 0.2
317.301657727881 0.53009439674572 0.180082716164948 329.073865790781 321.301657727881 15 0.5 0.2
272.031406728509 0.556770506398536 0.188796485154696 283.803614791409 276.031406728509 16 0.6 0.2
250.3872437918 0.661627673584022 0.214378601412091 262.1594518547 254.3872437918 17 0.7 0.2
202.801693018992 0.776448760431488 0.224335941804142 214.573901081892 206.801693018992 18 0.8 0.2
268.025478420039 0.895619956542572 0.193830836607545 279.797686482939 272.025478420039 19 0.9 0.2
204.730821359438 1 0.231063603457824 216.503029422338 208.730821359438 20 1 0.2
332.670061059147 0.11350243563136 0.304509093823344 344.442269122047 336.670061059147 21 0.1 0.3
275.556224000141 0.168936184999367 0.347932113880402 287.328432063041 279.556224000141 22 0.2 0.3
246.230640374577 0.550915911299042 0.235058079847743 258.002848437477 250.230640374577 23 0.3 0.3
214.870560532957 0.416055901450785 0.291062878165058 226.642768595857 218.870560532957 24 0.4 0.3
198.93226840088 0.506321105064072 0.311764398016314 210.70447646378 202.93226840088 25 0.5 0.3
177.675820443349 0.687803991550408 0.312388089137547 189.448028506249 181.675820443349 26 0.6 0.3
166.333045588313 0.727337969285717 0.313859940046707 178.105253651213 170.333045588313 27 0.7 0.3
183.495870047779 0.821057499451745 0.306316791870683 195.268078110679 187.495870047779 28 0.8 0.3
201.166533887437 0.92580236261464 0.345850534572649 212.938741950337 205.166533887437 29 0.9 0.3
202.591838584762 0.95280862973324 0.38541256892873 214.364046647662 206.591838584762 30 1 0.3
293.714388878874 0.132284866957234 0.293396198054675 305.486596941775 297.714388878874 31 0.1 0.4
241.762944855777 0.21696500970866 0.383967127138758 253.535152918677 245.762944855777 32 0.2 0.4
223.573507207652 0.332061806228134 0.340711203798819 235.345715270553 227.573507207652 33 0.3 0.4
161.602232298802 0.259796494337905 0.506972601264177 173.374440361703 165.602232298802 34 0.4 0.4
156.956996578177 0.577588877365776 0.378444458274496 168.729204641077 160.956996578177 35 0.5 0.4
151.790556147653 0.501913749120525 0.372083656524494 163.562764210553 155.790556147653 36 0.6 0.4
140.761794684984 0.685368143918281 0.409998934156526 152.534002747884 144.761794684984 37 0.7 0.4
151.184494941142 0.918832936761336 0.729611883075623 162.956703004043 155.184494941142 38 0.8 0.4
168.963976798306 0.903608377167677 0.389575736339419 180.736184861206 172.963976798306 39 0.9 0.4
194.052093801885 0.99783553990623 1 205.824301864785 198.052093801885 40 1 0.4
246.725796282679 0.0721527516953636 0.679422285737146 258.498004345579 250.725796282679 41 0.1 0.5
196.609805195874 0.13326890514118 0.586681667570966 208.382013258774 200.609805195874 42 0.2 0.5
168.993700668902 0.305902870819538 0.485549748087315 180.765908731802 172.993700668902 43 0.3 0.5
122.624292084258 0.339930806166982 0.565568907827285 134.396500147158 126.624292084258 44 0.4 0.5
116.406231038468 0.426995686998288 0.648133741826616 128.178439101369 120.406231038468 45 0.5 0.5
111.371870554451 0.639614960311702 0.568213225018176 123.144078617351 115.371870554451 46 0.6 0.5
147.331990888105 0.658219844462738 0.452170471585765 159.104198951005 151.331990888105 47 0.7 0.5
164.951338210618 0.773840925607103 0.419323709334387 176.723546273519 168.951338210618 48 0.8 0.5
168.530280591535 0.956711629592681 0.99386955590593 180.302488654435 172.530280591535 49 0.9 0.5
199.118792698904 1 0.370447959254899 210.891000761805 203.118792698904 50 1 0.5
290.232027506699 0.111445738029594 0.440203954869355 302.0042355696 294.232027506699 51 0.1 0.6
177.224508320122 0.246207989453906 0.529167762873023 188.996716383022 181.224508320122 52 0.2 0.6
136.163607337498 0.292832283586274 0.540382147942653 147.935815400399 140.163607337498 53 0.3 0.6
109.537042377769 0.359969530660004 0.615689176310151 121.30925044067 113.537042377769 54 0.4 0.6
123.674839489847 0.473964132846301 0.586443524962758 135.447047552747 127.674839489847 55 0.5 0.6
104.958883809993 0.588865080562858 0.647752920484899 116.731091872893 108.958883809993 56 0.6 0.6
117.745115490467 0.684496556549168 0.554415146146861 129.517323553367 121.745115490467 57 0.7 0.6
105.619423944932 0.711522657954653 0.647516714756057 117.391632007832 109.619423944932 58 0.8 0.6
146.081001561506 0.808783099666805 0.414535642662408 157.853209624407 150.081001561506 59 0.9 0.6
174.284475866903 0.981934156573058 1 186.056683929803 178.284475866903 60 1 0.6
230.155398923635 0.0680999976105532 0.938324468976936 241.927606986536 234.155398923635 61 0.1 0.7
129.472415365914 0.174732737889055 0.680957155125937 141.244623428814 133.472415365914 62 0.2 0.7
107.950153831916 0.311647037049625 0.710889776748471 119.722361894817 111.950153831916 63 0.3 0.7
114.494900618359 0.536111834786308 0.607518385924491 126.267108681259 118.494900618359 64 0.4 0.7
129.246052388171 0.532214438473173 0.580333268940096 141.018260451071 133.246052388171 65 0.5 0.7
112.470944516085 0.563338645268148 0.646975397235465 124.243152578986 116.470944516085 66 0.6 0.7
115.074517862737 0.730694693909615 0.909829583969621 126.846725925638 119.074517862737 67 0.7 0.7
122.217993404317 0.817604771286412 0.674499356131334 133.990201467218 126.217993404317 68 0.8 0.7
165.695344603271 0.905805886300149 0.742799964760219 177.467552666171 169.695344603271 69 0.9 0.7
166.733818923311 0.985357502023332 0.999837443835239 178.506026986212 170.733818923311 70 1 0.7
165.970036447463 0.0938646529279768 0.8596511960519 177.742244510363 169.970036447463 71 0.1 0.8
88.1164307866625 0.224479726873258 0.942580313757293 99.8886388495628 92.1164307866625 72 0.2 0.8
122.3904086144 0.313573532221472 0.754312223274349 134.1626166773 126.3904086144 73 0.3 0.8
115.862764756974 0.382626057719751 0.767219207930851 127.634972819874 119.862764756974 74 0.4 0.8
118.957164743659 0.513269837037385 0.761715215314397 130.729372806559 122.957164743659 75 0.5 0.8
68.3796858825179 0.658727569705394 1 80.1518939454182 72.3796858825179 76 0.6 0.8
89.4139427280461 0.608815999324446 0.88400703496656 101.186150790946 93.4139427280461 77 0.7 0.8
120.532263091326 0.866662415486553 0.88576608665945 132.304471154227 124.532263091326 78 0.8 0.8
188.036238012914 0.949319275364952 1 199.808446075815 192.036238012914 79 0.9 0.8
196.856887162677 1 1 208.629095225577 200.856887162677 80 1 0.8
132.595563550403 0.110452845416179 1 144.367771613304 136.595563550403 81 0.1 0.9
76.998308041075 0.223533532092537 0.95581864183259 88.7705161039753 80.998308041075 82 0.2 0.9
73.9870577712933 0.247976949552044 1 85.7592658341936 77.9870577712933 83 0.3 0.9
76.891380027202 0.433889966428602 1 88.6635880901023 80.891380027202 84 0.4 0.9
73.674322229505 0.403722542989047 0.94684158450226 85.4465302924053 77.674322229505 85 0.5 0.9
75.7945287258106 0.568228555115929 1 87.5667367887109 79.7945287258106 86 0.6 0.9
110.69250114763 0.747134429922993 1 122.46470921053 114.69250114763 87 0.7 0.9
123.24347273999 0.841594695045427 1 135.01568080289 127.24347273999 88 0.8 0.9
155.53153208271 0.921177685129571 1 167.303740145611 159.53153208271 89 0.9 0.9
210.719013589568 1 1 222.491221652468 214.719013589568 90 1 0.9
139.091527014577 0.0953141505058898 1 150.863735077477 143.091527014577 91 0.1 1
122.936184956732 0.172683262052415 0.935012052110057 134.708393019632 126.936184956732 92 0.2 1
74.5624114429299 0.316226830923962 1 86.3346195058302 78.5624114429299 93 0.3 1
65.7419217639233 0.398385520804829 1 77.5141298268236 69.7419217639233 94 0.4 1
90.3352447218444 0.560164034988726 0.865985259604003 102.107452784745 94.3352447218444 95 0.5 1
74.0374755465661 0.709316753848454 1 85.8096836094664 78.0374755465661 96 0.6 1
98.4357378297506 0.677936720395794 0.978408090189589 110.207945892651 102.435737829751 97 0.7 1
76.0905762953677 0.660434053757711 1 87.862784358268 80.0905762953677 98 0.8 1
132.100547588433 0.874537141158213 1 143.872755651334 136.100547588433 99 0.9 1
213.491511509886 1 1 225.263719572787 217.491511509886 100 1 1
