1 0.1 0.1
2 0.2 0.1
3 0.3 0.1
4 0.4 0.1
5 0.5 0.1
6 0.6 0.1
7 0.7 0.1
8 0.8 0.1
9 0.9 0.1
10 1 0.1
11 0.1 0.2
12 0.2 0.2
13 0.3 0.2
14 0.4 0.2
15 0.5 0.2
16 0.6 0.2
17 0.7 0.2
18 0.8 0.2
19 0.9 0.2
20 1 0.2
21 0.1 0.3
22 0.2 0.3
23 0.3 0.3
24 0.4 0.3
25 0.5 0.3
26 0.6 0.3
27 0.7 0.3
28 0.8 0.3
29 0.9 0.3
30 1 0.3
31 0.1 0.4
32 0.2 0.4
33 0.3 0.4
34 0.4 0.4
35 0.5 0.4
36 0.6 0.4
37 0.7 0.4
38 0.8 0.4
39 0.9 0.4
40 1 0.4
41 0.1 0.5
42 0.2 0.5
43 0.3 0.5
44 0.4 0.5
45 0.5 0.5
46 0.6 0.5
47 0.7 0.5
48 0.8 0.5
49 0.9 0.5
50 1 0.5
51 0.1 0.6
52 0.2 0.6
53 0.3 0.6
54 0.4 0.6
55 0.5 0.6
56 0.6 0.6
57 0.7 0.6
58 0.8 0.6
59 0.9 0.6
60 1 0.6
61 0.1 0.7
62 0.2 0.7
63 0.3 0.7
64 0.4 0.7
65 0.5 0.7
66 0.6 0.7
67 0.7 0.7
68 0.8 0.7
69 0.9 0.7
70 1 0.7
71 0.1 0.8
72 0.2 0.8
73 0.3 0.8
74 0.4 0.8
75 0.5 0.8
76 0.6 0.8
77 0.7 0.8
78 0.8 0.8
79 0.9 0.8
80 1 0.8
81 0.1 0.9
82 0.2 0.9
83 0.3 0.9
84 0.4 0.9
85 0.5 0.9
86 0.6 0.9
87 0.7 0.9
88 0.8 0.9
89 0.9 0.9
90 1 0.9
91 0.1 1
92 0.2 1
93 0.3 1
94 0.4 1
95 0.5 1
96 0.6 1
97 0.7 1
98 0.8 1
99 0.9 1
100 1 1
