480.661932011368 0.0556839824163978 0.147528802951576 -0.9 498.320244105719 486.661932011368 1 0.1 0.1 -0.9
465.721302552391 0.294011682021269 0.0777519698227815 -0.88200340761372 483.379614646742 471.721302552391 2 0.3 0.1 -0.9
410.886252365095 0.734592283536978 0.103905384571925 -0.831939340026955 428.544564459445 416.886252365095 3 0.5 0.1 -0.9
432.107682532252 0.753517320643033 0.0874294527727317 -0.844400731437473 449.765994626603 438.107682532252 4 0.7 0.1 -0.9
402.822434676068 0.680714333560924 0.126912328986341 -0.835018252590146 420.480746770419 408.822434676068 5 0.9 0.1 -0.9
382.859997033797 0.076198738422809 0.335676024510193 -0.9 400.518309128147 388.859997033797 6 0.1 0.3 -0.9
258.083480347831 0.29469089237971 0.311549402615231 -0.894533402285623 275.741792442182 264.083480347831 7 0.3 0.3 -0.9
193.555797531576 0.530786826453775 0.495916118763822 -0.576827904719192 211.214109625927 199.555797531576 8 0.5 0.3 -0.9
185.598910913739 0.73866324672394 0.565759977991863 -0.484755798870704 203.257223008089 191.598910913739 9 0.7 0.3 -0.9
233.468276724237 0.9 0.567435406583293 -0.415026290192608 251.126588818587 239.468276724237 10 0.9 0.3 -0.9
293.65813103689 0.137157383144857 0.42775459195915 -0.9 311.31644313124 299.65813103689 11 0.1 0.5 -0.9
128.97585481424 0.286889278281665 0.658855021414146 -0.801142172984834 146.63416690859 134.97585481424 12 0.3 0.5 -0.9
160.611238696819 0.536765804455038 0.58602148625966 -0.622717155145639 178.26955079117 166.611238696819 13 0.5 0.5 -0.9
129.814074377365 0.859792717464349 0.852534137948819 -0.869632439685624 147.472386471715 135.814074377365 14 0.7 0.5 -0.9
152.834132275347 0.9 0.87290328591603 -0.866828634620062 170.492444369698 158.834132275347 15 0.9 0.5 -0.9
168.342642871263 0.107146011696776 0.743026229562956 -0.9 186.000954965614 174.342642871263 16 0.1 0.7 -0.9
131.16832248507 0.340482039838887 0.77025344394585 -0.859060926449447 148.826634579421 137.16832248507 17 0.3 0.7 -0.9
84.5849669366301 0.492664294531696 0.821554626032523 -0.817697600474672 102.243279030981 90.5849669366301 18 0.5 0.7 -0.9
97.1793357202031 0.716619547399764 0.819192903108462 -0.802745644316481 114.837647814554 103.179335720203 19 0.7 0.7 -0.9
164.772173694172 0.836360178400037 0.710007655703821 -0.679451314963739 182.430485788523 170.772173694172 20 0.9 0.7 -0.9
149.238805353931 0.106867675458636 0.9 -0.9 166.897117448281 155.238805353931 21 0.1 0.9 -0.9
103.846499759177 0.40270735546129 0.827747506066544 -0.873720860844858 121.504811853527 109.846499759177 22 0.3 0.9 -0.9
78.3363083982017 0.489000690917374 0.9 -0.9 95.9946204925522 84.3363083982017 23 0.5 0.9 -0.9
104.302880514331 0.684961613249683 0.834814928015549 -0.814880180867888 121.961192608681 110.302880514331 24 0.7 0.9 -0.9
142.908432284792 0.890840591493587 0.872178350574802 -0.887927414911794 160.566744379142 148.908432284792 25 0.9 0.9 -0.9
482.047652276404 0.0498543227898549 0.141715980837021 -0.9 499.705964370755 488.047652276404 26 0.1 0.1 -0.7
474.245042914517 0.155771128731359 0.0979235135125612 -0.897699290633815 491.903355008867 480.245042914517 27 0.3 0.1 -0.7
431.625535545104 0.500758434463351 0.096001946546182 -0.854994600251337 449.283847639455 437.625535545104 28 0.5 0.1 -0.7
441.306442479017 0.668791831274779 0.0787573606918994 -0.8384637799268 458.964754573368 447.306442479017 29 0.7 0.1 -0.7
400.587675215771 0.855233650568411 0.106514298140489 -0.803535370950349 418.245987310122 406.587675215771 30 0.9 0.1 -0.7
395.52304237853 0.0654914278366994 0.34509853466185 -0.9 413.181354472881 401.52304237853 31 0.1 0.3 -0.7
308.786155446158 0.237712208965973 0.250713800104407 -0.896477657479173 326.444467540509 314.786155446158 32 0.3 0.3 -0.7
246.138455699498 0.443840565904744 0.250496907379079 -0.856596138557378 263.796767793848 252.138455699498 33 0.5 0.3 -0.7
213.015605781259 0.774592578232749 0.518616795062604 -0.424383741614945 230.67391787561 219.015605781259 34 0.7 0.3 -0.7
203.913733140664 0.9 0.600975997459891 -0.452522548988862 221.572045235015 209.913733140664 35 0.9 0.3 -0.7
325.887536165061 0.0378801866131965 0.696385843059368 -0.9 343.545848259412 331.887536165061 36 0.1 0.5 -0.7
191.167066410948 0.292965952029527 0.478081561691891 -0.9 208.825378505299 197.167066410948 37 0.3 0.5 -0.7
199.779681126941 0.518719739300596 0.5430296761291 -0.628266285968143 217.437993221291 205.779681126941 38 0.5 0.5 -0.7
176.404602665285 0.825600935173595 0.613428940004851 -0.5355007835601 194.062914759635 182.404602665285 39 0.7 0.5 -0.7
200.402558414191 0.9 0.671983962179228 -0.564070876540669 218.060870508541 206.402558414191 40 0.9 0.5 -0.7
215.455302103344 0.112035178176315 0.565434733883275 -0.9 233.113614197694 221.455302103344 41 0.1 0.7 -0.7
155.899975425945 0.218619655771747 0.599565027532454 -0.9 173.558287520295 161.899975425945 42 0.3 0.7 -0.7
143.319365148743 0.510193400210208 0.638652654361119 -0.66969405071901 160.977677243094 149.319365148743 43 0.5 0.7 -0.7
133.335080165127 0.695016396294188 0.652184183429731 -0.658067923211263 150.993392259478 139.335080165127 44 0.7 0.7 -0.7
187.024507627801 0.796914155928973 0.650694481795413 -0.577267504808631 204.682819722152 193.024507627801 45 0.9 0.7 -0.7
205.462565575938 0.104948494268639 0.675934013229068 -0.9 223.120877670288 211.462565575938 46 0.1 0.9 -0.7
111.157099429886 0.315897556021266 0.785606304642478 -0.880399355212857 128.815411524236 117.157099429886 47 0.3 0.9 -0.7
74.5996161079539 0.516580102565289 0.9 -0.9 92.2579282023044 80.5996161079539 48 0.5 0.9 -0.7
110.003334700903 0.80871362606453 0.85908150506957 -0.861372737207746 127.661646795254 116.003334700903 49 0.7 0.9 -0.7
169.443992495163 0.9 0.789913641553131 -0.756348390837945 187.102304589514 175.443992495163 50 0.9 0.9 -0.7
492.583680975979 0.115232751986435 0.0422975807218582 -0.9 510.241993070329 498.583680975979 51 0.1 0.1 -0.5
481.616402260902 0.153386875336151 0.0767665943500729 -0.792903241708008 499.274714355252 487.616402260902 52 0.3 0.1 -0.5
455.207386160687 0.47014456690042 0.0786017527140764 -0.860490665875361 472.865698255038 461.207386160687 53 0.5 0.1 -0.5
474.564104014247 0.608988583569018 0.140053753659697 -0.332749915548926 492.222416108597 480.564104014247 54 0.7 0.1 -0.5
463.423685916907 0.778116520860225 0.0610662469392212 -0.800775629698933 481.081998011257 469.423685916907 55 0.9 0.1 -0.5
454.082169026215 0.0123212734410672 0.9 -0.9 471.740481120566 460.082169026215 56 0.1 0.3 -0.5
365.477338154514 0.239751131624193 0.173766668292306 -0.890963006428673 383.135650248865 371.477338154514 57 0.3 0.3 -0.5
344.27181489437 0.589422070366743 0.16053592732167 -0.829169848171243 361.93012698872 350.27181489437 58 0.5 0.3 -0.5
340.202349080062 0.769291780180242 0.159247863681472 -0.798035172681899 357.860661174412 346.202349080062 59 0.7 0.3 -0.5
267.234857461634 0.833840181924741 0.234449636385037 -0.772763400668698 284.893169555984 273.234857461634 60 0.9 0.3 -0.5
397.69489997669 0.171435415135684 0.186073026889393 -0.9 415.35321207104 403.69489997669 61 0.1 0.5 -0.5
261.594312633559 0.216987475773161 0.328463700820751 -0.9 279.252624727909 267.594312633559 62 0.3 0.5 -0.5
200.914002576785 0.439582259393001 0.336316750940202 -0.864586964650703 218.572314671135 206.914002576785 63 0.5 0.5 -0.5
213.818299020906 0.730144491673173 0.500971599145434 -0.465765969557595 231.476611115257 219.818299020906 64 0.7 0.5 -0.5
213.513978259597 0.895312375253869 0.555383494855688 -0.413101824527274 231.172290353948 219.513978259597 65 0.9 0.5 -0.5
352.363564548241 0.0720226127177595 0.428830770766319 -0.9 370.021876642591 358.363564548241 66 0.1 0.7 -0.5
234.85911618711 0.262104366381228 0.395962980931581 -0.9 252.517428281461 240.85911618711 67 0.3 0.7 -0.5
169.190450002967 0.525223799706692 0.613924447320157 -0.659508869959355 186.848762097317 175.190450002967 68 0.5 0.7 -0.5
123.330758095894 0.599023411890773 0.714384055048978 -0.689487383212476 140.989070190244 129.330758095894 69 0.7 0.7 -0.5
151.011082046104 0.860071756207219 0.700278690996966 -0.663698936022694 168.669394140455 157.011082046104 70 0.9 0.7 -0.5
304.556803725564 0.102229834821673 0.489972767004641 -0.9 322.215115819915 310.556803725564 71 0.1 0.9 -0.5
147.060255306503 0.33675019851094 0.646070477036452 -0.711300521099413 164.718567400854 153.060255306503 72 0.3 0.9 -0.5
146.759956601296 0.633432942583394 0.63885710442267 -0.643679681745036 164.418268695647 152.759956601296 73 0.5 0.9 -0.5
125.147920754321 0.834338877730444 0.775880744260688 -0.81055162823011 142.806232848672 131.147920754321 74 0.7 0.9 -0.5
164.20769214986 0.9 0.73464758500083 -0.664188118253609 181.86600424421 170.20769214986 75 0.9 0.9 -0.5
488.469139811053 0.221325658677663 0.0806649196078562 -0.484437128859707 506.127451905404 494.469139811053 76 0.1 0.1 -0.3
481.043033375368 0.163892696319091 0.0767085263456059 -0.723285731092668 498.701345469718 487.043033375368 77 0.3 0.1 -0.3
483.304320938548 0.427821904829424 0.054958389289499 -0.706000981219562 500.962633032899 489.304320938548 78 0.5 0.1 -0.3
478.307707111494 0.9 0.0391416448170445 -0.9 495.966019205844 484.307707111494 79 0.7 0.1 -0.3
485.894706395753 0.9 0.0692865529237226 -0.400446647844635 503.553018490103 491.894706395753 80 0.9 0.1 -0.3
482.960974894218 0.0438268838117243 0.155719305930279 -0.9 500.619286988568 488.960974894218 81 0.1 0.3 -0.3
446.381154213227 0.25609683479521 0.117999319335135 -0.888621755713964 464.039466307578 452.381154213227 82 0.3 0.3 -0.3
436.637022433021 0.357239451420569 0.114779543889557 -0.877494788829051 454.295334527371 442.637022433021 83 0.5 0.3 -0.3
396.344492196611 0.757436273930065 0.116905585863248 -0.801513477947158 414.002804290961 402.344492196611 84 0.7 0.3 -0.3
370.519884569996 0.857768593693094 0.133424830605589 -0.778553593236843 388.178196664347 376.519884569996 85 0.9 0.3 -0.3
420.254332416481 0.0937930310641378 0.226703334009828 -0.9 437.912644510832 426.254332416481 86 0.1 0.5 -0.3
377.352881220293 0.297740755795069 0.191254581674308 -0.884502967861907 395.011193314643 383.352881220293 87 0.3 0.5 -0.3
359.784544110603 0.38441526756838 0.179280573201588 -0.868508257571283 377.442856204954 365.784544110603 88 0.5 0.5 -0.3
269.532276469756 0.766826741708097 0.208861863537554 -0.801039774966895 287.190588564107 275.532276469756 89 0.7 0.5 -0.3
236.989553217603 0.845156903917569 0.216989252169138 -0.780192201087731 254.647865311953 242.989553217603 90 0.9 0.5 -0.3
382.534892629908 0.15318932663855 0.212579186033328 -0.9 400.193204724258 388.534892629908 91 0.1 0.7 -0.3
316.225051645517 0.309904163640249 0.221077729614016 -0.881814675025522 333.883363739867 322.225051645517 92 0.3 0.7 -0.3
240.735399240023 0.456852457513953 0.27267036898932 -0.854804828088671 258.393711334373 246.735399240023 93 0.5 0.7 -0.3
262.130530739806 0.795752242197141 0.251157322084956 -0.79242277680614 279.788842834156 268.130530739806 94 0.7 0.7 -0.3
200.170101172597 0.867214095900629 0.550479983312588 -0.436829550990422 217.828413266948 206.170101172597 95 0.9 0.7 -0.3
359.203484365507 0.110770272903813 0.262006583181795 -0.9 376.861796459857 365.203484365507 96 0.1 0.9 -0.3
273.557977592415 0.279548079165744 0.293785941700763 -0.893685480283316 291.216289686765 279.557977592415 97 0.3 0.9 -0.3
267.471710100917 0.570857647954427 0.274021515381158 -0.839107730123314 285.130022195268 273.471710100917 98 0.5 0.9 -0.3
216.419474597624 0.729676550378842 0.471111129089706 -0.491146918363284 234.077786691974 222.419474597624 99 0.7 0.9 -0.3
213.066635894752 0.9 0.593615031245076 -0.454460557873155 230.724947989102 219.066635894752 100 0.9 0.9 -0.3
496.789890515176 0.9 0.0458611157339109 -0.2559608315286 514.448202609527 502.789890515176 101 0.1 0.1 -0.1
496.388749218765 0.852047688593682 0.0141009660537935 -0.9 514.047061313115 502.388749218765 102 0.3 0.1 -0.1
497.939280157038 0.141222613301766 0.0209968776364941 -0.9 515.597592251389 503.939280157038 103 0.5 0.1 -0.1
499.02522303687 0.159176695116065 0.0339838513906915 -0.0866274676143753 516.683535131221 505.02522303687 104 0.7 0.1 -0.1
497.890231146581 0.00170279008769295 0.863942500577695 0.9 515.548543240932 503.890231146581 105 0.9 0.1 -0.1
495.656697243175 0.459210956974019 0.0346789086107814 -0.563345059882647 513.315009337526 501.656697243175 106 0.1 0.3 -0.1
489.956395162146 0.734532398972689 0.0457229615547492 -0.577918889815456 507.614707256497 495.956395162146 107 0.3 0.3 -0.1
489.287829603846 0.749778536296845 0.0724466094339719 -0.375004778815422 506.946141698196 495.287829603846 108 0.5 0.3 -0.1
493.866451566087 0.729127848553699 0.0266413068426675 -0.697268412339118 511.524763660438 499.866451566087 109 0.7 0.3 -0.1
486.966764798891 0.71887903309517 0.0942721408851365 -0.298878956695117 504.625076893242 492.966764798891 110 0.9 0.3 -0.1
482.263093464769 0.0112893762315192 0.493632539586222 -0.9 499.921405559119 488.263093464769 111 0.1 0.5 -0.1
490.289282943032 0.6831655397318 0.0694279591684528 -0.370727600306121 507.947595037382 496.289282943032 112 0.3 0.5 -0.1
462.431063772863 0.736511351839369 0.0569960806160632 -0.840059051639342 480.089375867214 468.431063772863 113 0.5 0.5 -0.1
472.022553626863 0.494355743366122 0.0616908843396466 -0.862754519228201 489.680865721213 478.022553626863 114 0.7 0.5 -0.1
469.769580692487 0.9 0.0536375769023203 -0.755894703621809 487.427892786838 475.769580692487 115 0.9 0.5 -0.1
492.083382172686 0.459989025602055 0.0837772165197727 -0.338314935296179 509.741694267037 498.083382172686 116 0.1 0.7 -0.1
453.638605488765 0.328416375256108 0.088475047801041 -0.877617069779149 471.296917583115 459.638605488765 117 0.3 0.7 -0.1
420.244924978665 0.315528010505286 0.10953523788373 -0.877728016952803 437.903237073016 426.244924978665 118 0.5 0.7 -0.1
410.220736915482 0.628889844945323 0.110819325913642 -0.833136448729561 427.879049009832 416.220736915482 119 0.7 0.7 -0.1
436.624393810879 0.829229215279916 0.0823095922116369 -0.810082283865294 454.28270590523 442.624393810879 120 0.9 0.7 -0.1
464.6589956191 0.213381007982531 0.0783383682750336 -0.888115352204718 482.317307713451 470.6589956191 121 0.1 0.9 -0.1
445.150302736214 0.218738577739482 0.112254344741586 -0.890359966468277 462.808614830564 451.150302736214 122 0.3 0.9 -0.1
411.567510752861 0.258920382532668 0.134991203931353 -0.888355941307507 429.225822847212 417.567510752861 123 0.5 0.9 -0.1
390.145865457834 0.685393187241108 0.120308120272396 -0.822525165998697 407.804177552185 396.145865457834 124 0.7 0.9 -0.1
388.477894411161 0.875428309311063 0.114723827246189 -0.800833876043744 406.136206505512 394.477894411161 125 0.9 0.9 -0.1
498.367371178559 0.450168540526553 0.033849727389529 0.222282164702677 516.025683272909 504.367371178559 126 0.1 0.1 0.1
492.057611698825 0.00421507557023761 0.9 0.899999999236224 509.715923793175 498.057611698825 127 0.3 0.1 0.1
494.051448419519 0.80506366088914 0.061728372758364 0.27921127529208 511.70976051387 500.051448419519 128 0.5 0.1 0.1
495.61040592376 0.00736517123043922 0.353750903967087 0.9 513.268718018111 501.61040592376 129 0.7 0.1 0.1
495.729780272087 0.423837625191276 0.0527720504696532 0.387138717126681 513.388092366437 501.729780272087 130 0.9 0.1 0.1
494.384498755144 0.9 0.0783444058726601 0.202389985060363 512.042810849495 500.384498755144 131 0.1 0.3 0.1
480.956546504812 0.12515197593526 0.0713708659042497 0.9 498.614858599163 486.956546504812 132 0.3 0.3 0.1
482.406755560978 0.0364518176028161 0.18862587254666 0.9 500.065067655328 488.406755560978 133 0.5 0.3 0.1
482.899098291487 0.73134904114436 0.0925667918837188 0.362526315155907 500.557410385837 488.899098291487 134 0.7 0.3 0.1
479.334412161192 0.807462239965734 0.111641056228571 0.323050572850028 496.992724255542 485.334412161192 135 0.9 0.3 0.1
495.71057439283 0.286444990834298 0.0453072006743842 0.474547786565652 513.368886487181 501.71057439283 136 0.1 0.5 0.1
487.37160086057 0.221001313993614 0.0664284229782368 0.639519096803112 505.029912954921 493.37160086057 137 0.3 0.5 0.1
479.363263091574 0.695739799231019 0.103890830168088 0.366814680251869 497.021575185925 485.363263091574 138 0.5 0.5 0.1
475.215144311188 0.836488484344137 0.195451634850953 0.193618116436232 492.873456405538 481.215144311188 139 0.7 0.5 0.1
470.174720976993 0.9 0.127956863894477 0.320185795391179 487.833033071343 476.174720976993 140 0.9 0.5 0.1
484.428659310003 0.792043022074649 0.0934948704824221 0.338090153723571 502.086971404354 490.428659310003 141 0.1 0.7 0.1
468.403113425482 0.799382707244815 0.101885671940709 0.431029590356711 486.061425519833 474.403113425482 142 0.3 0.7 0.1
479.969068415035 0.27133577893002 0.0938192254661179 0.587846764190796 497.627380509386 485.969068415035 143 0.5 0.7 0.1
448.828847198798 0.79648293013872 0.240480895184087 0.264659950741513 466.487159293149 454.828847198798 144 0.7 0.7 0.1
432.752360152394 0.9 0.216685039428336 0.310543836298311 450.410672246745 438.752360152394 145 0.9 0.7 0.1
482.540648394626 0.395517389701302 0.0926306189023977 0.541200367130294 500.198960488976 488.540648394626 146 0.1 0.9 0.1
422.596273979124 0.207725353313284 0.135204654332284 0.9 440.254586073475 428.596273979124 147 0.3 0.9 0.1
428.480771877524 0.534232141741486 0.172388870169395 0.48823306227483 446.139083971874 434.480771877524 148 0.5 0.9 0.1
425.281913991126 0.56909292611438 0.189428035105352 0.468234581788558 442.940226085477 431.281913991126 149 0.7 0.9 0.1
389.749983461856 0.9 0.239950362746524 0.396275390389296 407.408295556206 395.749983461856 150 0.9 0.9 0.1
493.491300597749 0.106530041545784 0.0531392915634733 0.848481628822158 511.149612692099 499.491300597749 151 0.1 0.1 0.3
488.161025982415 0.9 0.0557787024836425 0.450145122416346 505.819338076766 494.161025982415 152 0.3 0.1 0.3
475.522215241511 0.298882808146281 0.0886723920919485 0.617883293638908 493.180527335862 481.522215241511 153 0.5 0.1 0.3
478.944659235744 0.638108613886719 0.0991494530839727 0.39511449759411 496.602971330094 484.944659235744 154 0.7 0.1 0.3
488.003495509155 0.71002628091483 0.105008481773262 0.26946639304013 505.661807603505 494.003495509155 155 0.9 0.1 0.3
486.910466388303 0.00611822569555537 0.9 0.9 504.568778482654 492.910466388303 156 0.1 0.3 0.3
440.906117000724 0.287439986769873 0.135125113275119 0.649762973118011 458.564429095075 446.906117000724 157 0.3 0.3 0.3
423.189083646634 0.465913566708947 0.181904248361531 0.487352550002031 440.847395740985 429.189083646634 158 0.5 0.3 0.3
426.868831656953 0.65851592471838 0.205201109512147 0.410352904772249 444.527143751303 432.868831656953 159 0.7 0.3 0.3
406.162902077737 0.848149806133445 0.216795897385024 0.425492593255276 423.821214172088 412.162902077737 160 0.9 0.3 0.3
431.204418170202 0.0460015770338683 0.317330188423758 0.9 448.862730264552 437.204418170202 161 0.1 0.5 0.3
358.720105476232 0.455686617373673 0.230309340124953 0.582471078433776 376.378417570582 364.720105476232 162 0.3 0.5 0.3
378.439219015329 0.402326457518582 0.235392049525307 0.643826405955831 396.09753110968 384.439219015329 163 0.5 0.5 0.3
335.638723253441 0.622097209057452 0.375962517722331 0.417902252605707 353.297035347791 341.638723253441 164 0.7 0.5 0.3
291.457040692494 0.9 0.473222761966686 0.337881004773668 309.115352786844 297.457040692494 165 0.9 0.5 0.3
406.537562256922 0.0700318467859669 0.354451566258163 0.9 424.195874351272 412.537562256922 166 0.1 0.7 0.3
327.113039883402 0.31522457988866 0.220286899188046 0.9 344.771351977752 333.113039883402 167 0.3 0.7 0.3
280.393275772436 0.418812257655376 0.270857490956055 0.809285104505692 298.051587866786 286.393275772436 168 0.5 0.7 0.3
224.722612619023 0.674923196791368 0.336690804427189 0.758984883370767 242.380924713374 230.722612619023 169 0.7 0.7 0.3
266.672358777645 0.9 0.692661607134833 0.306822086663436 284.330670871995 272.672358777645 170 0.9 0.7 0.3
343.134997424156 0.126867491970355 0.282822871580671 0.9 360.793309518507 349.134997424156 171 0.1 0.9 0.3
262.639395444089 0.338017209274335 0.295239248755803 0.9 280.297707538439 268.639395444089 172 0.3 0.9 0.3
210.236375174118 0.46324022565627 0.310196999553076 0.9 227.894687268468 216.236375174118 173 0.5 0.9 0.3
236.95986181124 0.734491988533511 0.33444685700435 0.685634537218785 254.618173905591 242.95986181124 174 0.7 0.9 0.3
189.495799949128 0.9 0.598509772071878 0.517217876485799 207.154112043479 195.495799949128 175 0.9 0.9 0.3
494.536143422993 0.348667524283249 0.038253234745039 0.578602454011017 512.194455517344 500.536143422993 176 0.1 0.1 0.5
471.744426854307 0.471469977899667 0.10044677014039 0.517711488537249 489.402738948657 477.744426854307 177 0.3 0.1 0.5
456.848135687761 0.601030650393792 0.118108570004304 0.496420050532378 474.506447782111 462.848135687761 178 0.5 0.1 0.5
491.472066300472 0.716963497427369 0.0635410679443338 0.348344056569163 509.130378394822 497.472066300472 179 0.7 0.1 0.5
462.319379313244 0.9 0.109308623197131 0.438227230165834 479.977691407594 468.319379313244 180 0.9 0.1 0.5
438.486751126617 0.149266587507178 0.135390076517526 0.9 456.145063220967 444.486751126617 181 0.1 0.3 0.5
370.83902245641 0.399814393849312 0.218074817813451 0.607149782206436 388.497334550761 376.83902245641 182 0.3 0.3 0.5
364.183667020628 0.517847075408923 0.262065490408127 0.50216620239622 381.841979114979 370.183667020628 183 0.5 0.3 0.5
272.000656892352 0.666538161437113 0.333692959445154 0.569548204360007 289.658968986702 278.000656892352 184 0.7 0.3 0.5
273.203411681755 0.9 0.549822228788244 0.335010293936534 290.861723776105 279.203411681755 185 0.9 0.3 0.5
388.826813366583 0.0969045733786336 0.263919752399363 0.9 406.485125460933 394.826813366583 186 0.1 0.5 0.5
288.489652193434 0.304982901145765 0.243883285428248 0.9 306.147964287784 294.489652193434 187 0.3 0.5 0.5
250.131914310184 0.505229619041431 0.309106383513797 0.731676884873042 267.790226404534 256.131914310184 188 0.5 0.5 0.5
203.278529963255 0.624582640031349 0.36664367137539 0.688791687496322 220.936842057605 209.278529963255 189 0.7 0.5 0.5
231.285039136965 0.9 0.36213181776519 0.610283417956229 248.943351231315 237.285039136965 190 0.9 0.5 0.5
349.927894136569 0.12882682472503 0.285310147515564 0.9 367.586206230919 355.927894136569 191 0.1 0.7 0.5
188.351357871922 0.26913178239701 0.47675811532178 0.9 206.009669966272 194.351357871922 192 0.3 0.7 0.5
155.759666328063 0.533781585597173 0.426813776707945 0.862861259935757 173.417978422414 161.759666328063 193 0.5 0.7 0.5
173.332060854192 0.649127604246494 0.417722985204181 0.853311249668888 190.990372948543 179.332060854192 194 0.7 0.7 0.5
183.279662563853 0.837694187407326 0.402195024463093 0.653670613393268 200.937974658204 189.279662563853 195 0.9 0.7 0.5
249.269695675774 0.136877219953479 0.416011633079445 0.9 266.928007770124 255.269695675774 196 0.1 0.9 0.5
213.478411752623 0.28178337287084 0.469103873546291 0.9 231.136723846974 219.478411752623 197 0.3 0.9 0.5
147.530145253513 0.511803986229856 0.511783406422881 0.9 165.188457347864 153.530145253513 198 0.5 0.9 0.5
128.320440381767 0.649849865951946 0.579494469898454 0.864023703805549 145.978752476117 134.320440381767 199 0.7 0.9 0.5
166.846210312687 0.887061151193058 0.62997059239513 0.532113090658658 184.504522407038 172.846210312687 200 0.9 0.9 0.5
482.049033557653 0.182056371557791 0.0753497728019342 0.755258345976862 499.707345652004 488.049033557653 201 0.1 0.1 0.7
442.870757546723 0.251491809217587 0.127256215144436 0.728751825338845 460.529069641073 448.870757546723 202 0.3 0.1 0.7
441.297374297878 0.737649160100844 0.162083164694541 0.419020276936037 458.955686392229 447.297374297878 203 0.5 0.1 0.7
464.557723708743 0.671104457052326 0.116449668019248 0.447618471459499 482.216035803094 470.557723708743 204 0.7 0.1 0.7
429.996799770085 0.856628966605736 0.154485256401121 0.442642629745711 447.655111864435 435.996799770085 205 0.9 0.1 0.7
413.767154459909 0.10776521728551 0.21948307840885 0.9 431.425466554259 419.767154459909 206 0.1 0.3 0.7
299.339103532922 0.17517761128625 0.337283462437449 0.9 316.997415627272 305.339103532922 207 0.3 0.3 0.7
258.053332357938 0.555279421805832 0.32258066027777 0.679431958007549 275.711644452288 264.053332357938 208 0.5 0.3 0.7
241.788962984834 0.721810168174441 0.338302250591769 0.650481241528478 259.447275079185 247.788962984834 209 0.7 0.3 0.7
215.466947021371 0.788039329759829 0.362142070756588 0.666632150375666 233.125259115722 221.466947021371 210 0.9 0.3 0.7
361.819598573357 0.0686883662552602 0.461051845913837 0.9 379.477910667707 367.819598573357 211 0.1 0.5 0.7
181.905319049211 0.39264001184975 0.414496233179954 0.9 199.563631143562 187.905319049211 212 0.3 0.5 0.7
158.224972565581 0.394436639576523 0.469817208855876 0.9 175.883284659931 164.224972565581 213 0.5 0.5 0.7
140.932152042597 0.721777031540437 0.462189455808795 0.869401887669149 158.590464136948 146.932152042597 214 0.7 0.5 0.7
191.446600203271 0.9 0.623307183648411 0.690015509930222 209.104912297622 197.446600203271 215 0.9 0.5 0.7
232.034667789201 0.120821028802823 0.555737152359407 0.9 249.692979883552 238.034667789201 216 0.1 0.7 0.7
163.991119703809 0.298284297374554 0.589542160480401 0.9 181.64943179816 169.991119703809 217 0.3 0.7 0.7
136.80996527493 0.558298828612388 0.500331771422638 0.883869845692968 154.468277369281 142.80996527493 218 0.5 0.7 0.7
159.716871717776 0.677947276027607 0.440575713922074 0.86272837659645 177.375183812126 165.716871717776 219 0.7 0.7 0.7
178.887490415755 0.9 0.626770572678884 0.783973829992653 196.545802510106 184.887490415755 220 0.9 0.7 0.7
222.631734535901 0.190567924881651 0.501419681030191 0.9 240.290046630252 228.631734535901 221 0.1 0.9 0.7
127.604398723662 0.271630863487916 0.718343443803196 0.9 145.262710818012 133.604398723662 222 0.3 0.9 0.7
128.743313334731 0.467838809337683 0.670374303986345 0.9 146.401625429082 134.743313334731 223 0.5 0.9 0.7
134.072398588583 0.688685558915126 0.68416807613048 0.843691542205279 151.730710682933 140.072398588583 224 0.7 0.9 0.7
181.241618026086 0.884780116486495 0.625092045252188 0.629777325620328 198.899930120437 187.241618026086 225 0.9 0.9 0.7
480.963696967588 0.373922776999202 0.0837048880115077 0.515558104251658 498.622009061938 486.963696967588 226 0.1 0.1 0.9
451.026377129043 0.480730577567973 0.123492811552498 0.528512015776991 468.684689223394 457.026377129043 227 0.3 0.1 0.9
438.382282441923 0.358590923547566 0.203777184327887 0.533008955633965 456.040594536273 444.382282441923 228 0.5 0.1 0.9
360.183662507137 0.72998902352162 0.22463834959308 0.49284013504677 377.841974601487 366.183662507137 229 0.7 0.1 0.9
383.068645115265 0.9 0.137074869135103 0.658934029933717 400.726957209616 389.068645115265 230 0.9 0.1 0.9
356.260288550795 0.120184445354331 0.283097295913213 0.9 373.918600645145 362.260288550795 231 0.1 0.3 0.9
252.238069557331 0.234758193781764 0.361239647232519 0.848108215817548 269.896381651682 258.238069557331 232 0.3 0.3 0.9
201.679413328665 0.570293896122379 0.358667094587622 0.796296966088941 219.337725423015 207.679413328665 233 0.5 0.3 0.9
181.606612856019 0.676085292236849 0.371140688844839 0.793195949329445 199.26492495037 187.606612856019 234 0.7 0.3 0.9
227.830161826584 0.9 0.649933618425672 0.515621897189678 245.488473920934 233.830161826584 235 0.9 0.3 0.9
284.575614090436 0.153404990301956 0.365065329737391 0.9 302.233926184787 290.575614090436 236 0.1 0.5 0.9
136.133271778253 0.468373429766001 0.460388507827165 0.855872043850065 153.791583872604 142.133271778253 237 0.3 0.5 0.9
128.691310441483 0.552577621809604 0.600084816398824 0.870684999147819 146.349622535833 134.691310441483 238 0.5 0.5 0.9
158.418771509627 0.609097550468028 0.427676042929777 0.854352802831216 176.077083603978 164.418771509627 239 0.7 0.5 0.9
148.797389991391 0.9 0.612807564740947 0.789009772147414 166.455702085742 154.797389991391 240 0.9 0.5 0.9
214.641423326396 0.0624532940931819 0.814121095728569 0.9 232.299735420746 220.641423326396 241 0.1 0.7 0.9
114.364023657728 0.243656905209574 0.843126266298434 0.9 132.022335752078 120.364023657728 242 0.3 0.7 0.9
117.980430434687 0.514921553978861 0.600621855551656 0.9 135.638742529037 123.980430434687 243 0.5 0.7 0.9
124.440944025535 0.752799386800286 0.63335535011517 0.891814416297295 142.099256119885 130.440944025535 244 0.7 0.7 0.9
111.944110440905 0.863019518452087 0.9 0.9 129.602422535255 117.944110440905 245 0.9 0.7 0.9
166.977977766487 0.117515650806632 0.9 0.9 184.636289860838 172.977977766487 246 0.1 0.9 0.9
112.275011163343 0.315429698031085 0.9 0.9 129.933323257693 118.275011163343 247 0.3 0.9 0.9
81.5738028310917 0.466696889217821 0.9 0.9 99.2321149254421 87.5738028310917 248 0.5 0.9 0.9
147.734317585222 0.790764042673208 0.839994897352986 0.9 165.392629679573 153.734317585222 249 0.7 0.9 0.9
158.38273309018 0.9 0.624283299667004 0.9 176.041045184531 164.38273309018 250 0.9 0.9 0.9
