464.066897314919 0.136207492187056 0.0830662263432993 475.83910537782 468.066897314919 1 0.1 0.1
424.227788043846 0.163267525462943 0.12229007074535 435.999996106746 428.227788043846 2 0.2 0.1
416.614090513594 0.193635531755581 0.158517151739003 428.386298576495 420.614090513594 3 0.3 0.1
419.934898304514 0.143793292819417 0.162293756795405 431.707106367414 423.934898304514 4 0.4 0.1
413.760604736939 0.358325367636591 0.0961046786353779 425.53281279984 417.760604736939 5 0.5 0.1
352.572822695009 0.524071454299453 0.1351381828633 364.345030757909 356.572822695009 6 0.6 0.1
375.347452390963 0.756332584289565 0.104014320086988 387.119660453863 379.347452390963 7 0.7 0.1
402.84808717346 0.811438380442634 0.0907014925686994 414.62029523636 406.84808717346 8 0.8 0.1
371.151896246049 0.951922172760829 0.0995341146115939 382.924104308949 375.151896246049 9 0.9 0.1
367.138353210735 1 0.0974665446717673 378.910561273635 371.138353210735 10 1 0.1
267.327058135598 0.145544382473553 0.377054720030386 279.099266198498 271.327058135598 11 0.1 0.4
232.890920600969 0.220547758046031 0.374996548213771 244.663128663869 236.890920600969 12 0.2 0.4
217.208439307747 0.362563234671497 0.350485183088179 228.980647370647 221.208439307747 13 0.3 0.4
151.433123663872 0.337285456982914 0.455170418525865 163.205331726772 155.433123663872 14 0.4 0.4
155.481065441961 0.459063558092193 0.416102791798359 167.253273504862 159.481065441961 15 0.5 0.4
145.896333924894 0.646785017625949 0.431872315765427 157.668541987794 149.896333924894 16 0.6 0.4
121.462147697913 0.990967217661115 9.91037317368134 133.234355760813 125.462147697913 17 0.7 0.4
156.277814425906 0.820576735463678 0.373369850460566 168.050022488806 160.277814425906 18 0.8 0.4
133.385483355977 0.821566789748739 0.391661347800925 145.157691418877 137.385483355977 19 0.9 0.4
178.928397039706 0.998560872342992 10 190.700605102606 182.928397039706 20 1 0.4
207.008784929036 0.0910548467594902 0.712796179387231 218.780992991936 211.008784929036 21 0.1 0.7
143.958575155463 0.191155117795967 0.680575452729627 155.730783218364 147.958575155463 22 0.2 0.7
67.5889545363758 0.305062923969201 1.05396633880992 79.3611625992761 71.5889545363758 23 0.3 0.7
113.061501330211 0.430870594666442 0.657715449610552 124.833709393112 117.061501330211 24 0.4 0.7
101.197514019671 0.409105270056027 0.851736292486166 112.969722082571 105.197514019671 25 0.5 0.7
91.3502667074067 0.582497425174171 0.715345122616131 103.122474770307 95.3502667074067 26 0.6 0.7
89.9205790402712 0.817393115173867 0.949491335280305 101.692787103172 93.9205790402712 27 0.7 0.7
139.552723584669 0.765329296947262 0.552743411072986 151.324931647569 143.552723584669 28 0.8 0.7
138.947652998167 0.800630909046755 0.476245653761614 150.719861061068 142.947652998167 29 0.9 0.7
166.355323334387 1 10 178.127531397287 170.355323334387 30 1 0.7
153.6043153068 0.0830387600464176 1.09270966829461 165.3765233697 157.6043153068 31 0.1 1
89.0282139324013 0.204908173071443 1.26518350230082 100.800421995302 93.0282139324013 32 0.2 1
83.9175650774743 0.323183088167363 0.994095552006878 95.6897731403746 87.9175650774743 33 0.3 1
57.0519446914345 0.366770228251478 1.6581070630388 68.8241527543348 61.0519446914345 34 0.4 1
71.8304583115821 0.481054832824798 1.06415402050961 83.6026663744825 75.8304583115821 35 0.5 1
92.9498174580575 0.691296148088584 0.88564681740383 104.722025520958 96.9498174580575 36 0.6 1
64.3693711723802 0.881155423999189 7.0767705327231 76.1415792352805 68.3693711723802 37 0.7 1
118.714943431621 0.71348582027888 0.766304975787051 130.487151494521 122.714943431621 38 0.8 1
122.703626239339 0.990968405990538 9.98129011284971 134.475834302239 126.703626239339 39 0.9 1
217.648214695823 1 10 229.420422758723 221.648214695823 40 1 1
45.055143354904 0.0356372178651317 7.74636385049066 56.8273514178043 49.055143354904 41 0.1 3
43.8950334598715 0.168713995226156 2.60885257164427 55.6672415227718 47.8950334598715 42 0.2 3
29.1428987744748 0.300493284234799 4.65633908552687 40.9151068373751 33.1428987744748 43 0.3 3
41.6670711055284 0.421826766662117 4.8051427184182 53.4392791684288 45.6670711055284 44 0.4 3
40.607472511845 0.496637342859071 3.76337846904823 52.3796805747453 44.607472511845 45 0.5 3
31.8848914654831 0.668570632199053 9.64094436345019 43.6570995283835 35.8848914654832 46 0.6 3
50.8568533731773 0.869682227835448 5.63938455007736 62.6290614360776 54.8568533731773 47 0.7 3
55.6733602290227 0.831438419267358 2.49301676770565 67.445568291923 59.6733602290227 48 0.8 3
81.7836332456695 0.971243655214642 10 93.5558413085698 85.7836332456695 49 0.9 3
196.853799279025 1 10 208.626007341925 200.853799279025 50 1 3
26.7706613032056 0.103017732670624 10 38.542869366106 30.7706613032056 51 0.1 5
32.6520509133221 0.210519954737585 5.22453066363213 44.4242589762224 36.6520509133221 52 0.2 5
44.9708561244874 0.295455867324426 4.52978204526561 56.7430641873877 48.9708561244874 53 0.3 5
25.725036058338 0.427867783733142 10 37.4972441212383 29.725036058338 54 0.4 5
40.1877013176878 0.51009972199398 3.58409032344103 51.9599093805881 44.1877013176878 55 0.5 5
32.2044554607211 0.775426565760529 10 43.9766635236215 36.2044554607211 56 0.6 5
36.5776668763679 0.736274078400808 4.10055755651047 48.3498749392682 40.5776668763679 57 0.7 5
43.2035215089172 0.819791548894524 4.64693299092808 54.9757295718175 47.2035215089172 58 0.8 5
62.1335245566223 0.931523209732738 10 73.9057326195226 66.1335245566223 59 0.9 5
199.626388001265 1 10 211.398596064165 203.626388001265 60 1 5
28.0247742967211 0.0980884223536392 10 39.7969823596214 32.024774296721 61 0.1 7
32.2800667234 0.206365274119028 7.19175235762608 44.0522747863003 36.2800667234 62 0.2 7
42.5386016718674 0.312928743335844 4.54576579691764 54.3108097347677 46.5386016718674 63 0.3 7
47.1587096017962 0.460482615830897 4.08224416610051 58.9309176646966 51.1587096017962 64 0.4 7
35.608664218607 0.492054053387503 8.83256676046225 47.3808722815073 39.608664218607 65 0.5 7
20.0851336858334 0.552189045294677 10 31.8573417487337 24.0851336858334 66 0.6 7
25.1213595089943 0.5861545419105 10 36.8935675718946 29.1213595089943 67 0.7 7
57.2100221852463 0.80619211001284 9.30891715208569 68.9822302481466 61.2100221852463 68 0.8 7
62.814273200006 0.910079647287438 10 74.5864812629063 66.814273200006 69 0.9 7
205.171565445744 1 10 216.943773508644 209.171565445744 70 1 7
49.2720531503486 0.0868279481231139 7.84442224636079 61.0442612132489 53.2720531503486 71 0.1 10
32.139644986783 0.210583493110842 10 43.9118530496833 36.139644986783 72 0.2 10
23.3770866483813 0.298006807318702 10 35.1492947112816 27.3770866483813 73 0.3 10
23.9929499423198 0.398692334439185 10 35.7651580052201 27.9929499423198 74 0.4 10
34.0789848042236 0.50493022856141 9.25463754561296 45.8511928671239 38.0789848042236 75 0.5 10
31.3466101818599 0.554999685068661 6.12688986715554 43.1188182447602 35.3466101818599 76 0.6 10
18.473482425807 0.597672639137973 10 30.2456904887073 22.473482425807 77 0.7 10
24.3472889184074 0.770795377242113 10 36.1194969813077 28.3472889184074 78 0.8 10
61.1728744873547 0.941220688047131 10 72.945082550255 65.1728744873547 79 0.9 10
202.398976723504 1 10 214.171184786405 206.398976723504 80 1 10
