1 0.1 0.1
2 0.2 0.1
3 0.3 0.1
4 0.4 0.1
5 0.5 0.1
6 0.6 0.1
7 0.7 0.1
8 0.8 0.1
9 0.9 0.1
10 1 0.1
11 0.1 0.4
12 0.2 0.4
13 0.3 0.4
14 0.4 0.4
15 0.5 0.4
16 0.6 0.4
17 0.7 0.4
18 0.8 0.4
19 0.9 0.4
20 1 0.4
21 0.1 0.7
22 0.2 0.7
23 0.3 0.7
24 0.4 0.7
25 0.5 0.7
26 0.6 0.7
27 0.7 0.7
28 0.8 0.7
29 0.9 0.7
30 1 0.7
31 0.1 1
32 0.2 1
33 0.3 1
34 0.4 1
35 0.5 1
36 0.6 1
37 0.7 1
38 0.8 1
39 0.9 1
40 1 1
41 0.1 3
42 0.2 3
43 0.3 3
44 0.4 3
45 0.5 3
46 0.6 3
47 0.7 3
48 0.8 3
49 0.9 3
50 1 3
51 0.1 5
52 0.2 5
53 0.3 5
54 0.4 5
55 0.5 5
56 0.6 5
57 0.7 5
58 0.8 5
59 0.9 5
60 1 5
61 0.1 7
62 0.2 7
63 0.3 7
64 0.4 7
65 0.5 7
66 0.6 7
67 0.7 7
68 0.8 7
69 0.9 7
70 1 7
71 0.1 10
72 0.2 10
73 0.3 10
74 0.4 10
75 0.5 10
76 0.6 10
77 0.7 10
78 0.8 10
79 0.9 10
80 1 10
