1810.23633104849 0.044577224111071 0.153414610460055 1824.78112783363 1814.23633104849 1 0.1 0.1
1722.49404751584 0.211267858895822 0.0959398676607244 1737.03884430098 1726.49404751584 2 0.2 0.1
1673.17208958066 0.277420064684893 0.0977684312566492 1687.7168863658 1677.17208958066 3 0.3 0.1
1696.12397207686 0.347753482033232 0.0980045175973018 1710.668768862 1700.12397207686 4 0.4 0.1
1573.9577200709 0.373247968595677 0.11190433806906 1588.50251685604 1577.9577200709 5 0.5 0.1
1588.10588451478 0.73055331469142 0.0900057881142856 1602.65068129992 1592.10588451478 6 0.6 0.1
1549.10476537234 0.693363903931675 0.0993046802844235 1563.64956215748 1553.10476537234 7 0.7 0.1
1527.5131852829 0.851352874579483 0.0921631390798977 1542.05798206804 1531.5131852829 8 0.8 0.1
1486.69137325939 0.87143469176647 0.0957393532132518 1501.23617004453 1490.69137325939 9 0.9 0.1
1391.76595094503 1 0.105495145017684 1406.31074773017 1395.76595094503 10 1 0.1
1029.28359495518 0.0982355112451442 0.385761493145357 1043.82839174032 1033.28359495518 11 0.1 0.4
646.188495485407 0.208793694150764 0.420779285947588 660.733292270547 650.188495485407 12 0.2 0.4
575.35078927407 0.31262637932637 0.377439739232179 589.89558605921 579.35078927407 13 0.3 0.4
601.724678969471 0.401435808397675 0.371063161908023 616.269475754611 605.724678969471 14 0.4 0.4
542.478437928274 0.525257712361298 0.373380797170056 557.023234713414 546.478437928274 15 0.5 0.4
483.368248865938 0.598616067841189 0.403251217308899 497.913045651078 487.368248865938 16 0.6 0.4
475.663883512651 0.721190658282364 0.454192933389006 490.208680297791 479.663883512651 17 0.7 0.4
608.303819588347 0.789702020701951 0.384165180680199 622.848616373487 612.303819588347 18 0.8 0.4
726.904633673201 0.91567555286264 0.385883796835212 741.449430458341 730.904633673201 19 0.9 0.4
730.276997426109 0.999892761942326 10 744.821794211249 734.276997426109 20 1 0.4
585.538122026996 0.0956967905983852 0.684422775086436 600.082918812136 589.538122026996 21 0.1 0.7
435.783725961235 0.163455112290344 0.735984412572933 450.328522746375 439.783725961235 22 0.2 0.7
316.695746239336 0.331119866211652 0.685021202197151 331.240543024477 320.695746239336 23 0.3 0.7
331.963997504316 0.371410598205973 0.684345885036806 346.508794289456 335.963997504316 24 0.4 0.7
265.400076207776 0.59528832747187 0.825082598894949 279.944872992916 269.400076207776 25 0.5 0.7
287.784275337568 0.559162861416209 0.730868479048658 302.329072122708 291.784275337568 26 0.6 0.7
326.431815758494 0.687165061270173 0.722819374904725 340.976612543634 330.431815758494 27 0.7 0.7
393.862924349179 0.773697192307624 0.717077173836141 408.407721134319 397.862924349179 28 0.8 0.7
562.229531459018 0.894331363653839 0.700245349780196 576.774328244158 566.229531459018 29 0.9 0.7
773.552253504901 1 10 788.097050290041 777.552253504901 30 1 0.7
346.645193688961 0.102369153421696 0.990601522754398 361.189990474101 350.645193688961 31 0.1 1
242.974037795751 0.204049798458708 1.04255171327638 257.518834580891 246.974037795751 32 0.2 1
249.372793687926 0.264747013093069 1.08406002177449 263.917590473066 253.372793687926 33 0.3 1
271.170405349009 0.396459571917212 0.894826407707252 285.715202134149 275.170405349009 34 0.4 1
177.296414757945 0.517763679881214 1.11037837569579 191.841211543085 181.296414757945 35 0.5 1
264.16089176072 0.611650767866287 1.06406998211146 278.70568854586 268.16089176072 36 0.6 1
233.062226902963 0.711245895566219 1.162871024848 247.607023688103 237.062226902963 37 0.7 1
364.710884278599 0.983590481203583 9.91086453811745 379.255681063739 368.710884278599 38 0.8 1
455.145875041876 0.765534345605898 0.578709040663971 469.690671827016 459.145875041876 39 0.9 1
747.212660643623 1 10 761.757457428763 751.212660643623 40 1 1
107.525105635303 0.0946821137622199 2.87096927676796 122.069902420443 111.525105635303 41 0.1 3
95.136147991977 0.20834000196933 3.65183274971284 109.680944777117 99.136147991977 42 0.2 3
87.5550580912631 0.299187381190981 4.01856745288097 102.099854876403 91.5550580912631 43 0.3 3
93.6485618701084 0.397059463646743 3.39888360543155 108.193358655249 97.6485618701084 44 0.4 3
123.812395724251 0.512383640294948 3.09227121945976 138.357192509391 127.812395724251 45 0.5 3
128.767771855321 0.605677611162419 2.60600703010353 143.312568640461 132.767771855321 46 0.6 3
130.767588234804 0.769944871011313 5.30014800205512 145.312385019944 134.767588234804 47 0.7 3
151.714397210602 0.8326651734276 5.72882638444713 166.259193995742 155.714397210602 48 0.8 3
256.561332246711 0.908670945241932 3.86312746558558 271.106129031851 260.561332246711 49 0.9 3
752.757838088102 1 10 767.302634873242 756.757838088102 50 1 3
76.4581882312853 0.103681336283269 6.70530895137641 91.0029850164254 80.4581882312853 51 0.1 5
61.1552034494464 0.208674146633365 8.49378565898971 75.7000002345865 65.1552034494464 52 0.2 5
76.8912721611982 0.296265262564348 3.86386754908076 91.4360689463383 80.8912721611982 53 0.3 5
76.967089972508 0.381918217094348 4.67913403874515 91.5118867576481 80.967089972508 54 0.4 5
76.7772407197954 0.492137325700083 6.79490227359506 91.3220375049355 80.7772407197954 55 0.5 5
94.1104476287971 0.599197650576077 5.04109372527514 108.655244413937 98.1104476287971 56 0.6 5
135.526823322001 0.610276956617043 2.78816870698431 150.071620107141 139.526823322001 57 0.7 5
168.759049387788 0.801085591493121 5.47973876937738 183.303846172929 172.759049387788 58 0.8 5
215.72510185303 0.880686876004866 4.30048199424462 230.26989863817 219.72510185303 59 0.9 5
741.667483199143 1 10 756.212279984283 745.667483199143 60 1 5
56.1489266199949 0.112260080122187 6.73983617740221 70.693723405135 60.1489266199949 61 0.1 7
67.1798090512346 0.191543051454713 6.36181122150948 81.7246058363747 71.1798090512346 62 0.2 7
99.7079207866469 0.30525521283252 4.26962722332022 114.252717571787 103.707920786647 63 0.3 7
73.2213414017334 0.403023875169417 6.98253050448134 87.7661381868734 77.2213414017334 64 0.4 7
69.8434751104732 0.501797181690102 10 84.3882718956133 73.8434751104732 65 0.5 7
61.8192973468853 0.606940060554714 8.30388561749698 76.3640941320254 65.8192973468853 66 0.6 7
97.7226444545779 0.757988949315996 10 112.267441239718 101.722644454578 67 0.7 7
107.902435388623 0.747144281772267 6.74976946374833 122.447232173764 111.902435388623 68 0.8 7
178.724169671699 0.925195679128954 10 193.268966456839 182.724169671699 69 0.9 7
709.194016592806 0.999765300980905 10 723.738813377946 713.194016592806 70 1 7
46.7836854755387 0.100538436257847 10 61.3284822606788 50.7836854755387 71 0.1 10
65.0151344072748 0.194076180273753 10 79.5599311924149 69.0151344072748 72 0.2 10
62.5682597740884 0.293804628203169 10 77.1130565592285 66.5682597740883 73 0.3 10
73.7320117487985 0.39954620288169 10 88.2768085339385 77.7320117487985 74 0.4 10
84.2032244146612 0.503549042918909 7.27306026686121 98.7480211998013 88.2032244146612 75 0.5 10
80.2996251402141 0.643600093736286 10 94.8444219253542 84.2996251402141 76 0.6 10
87.3810019237558 0.743815836450006 10 101.925798708896 91.3810019237558 77 0.7 10
126.790158904279 0.787371977470523 10 141.33495568942 130.790158904279 78 0.8 10
199.662170566961 0.894470059461793 9.14826940823015 214.206967352101 203.662170566961 79 0.9 10
810.982201255138 1 10 825.526998040278 814.982201255138 80 1 10
