455.010709953639 0.168312278040015 0.0795653829876054 466.782918016539 459.010709953639 1 0.1 0.1
372.161100057167 0.679086925138552 0.0894478159821206 383.933308120067 376.161100057167 2 0.2 0.1
425.384117473366 0.343988234657047 0.0983430369028633 437.156325536266 429.384117473366 3 0.3 0.1
397.699058792561 0.373210200938054 0.113200866421182 409.471266855462 401.699058792561 4 0.4 0.1
414.167401312206 0.483039206924937 0.0891901782890899 425.939609375107 418.167401312206 5 0.5 0.1
378.935926764895 0.511941138644767 0.110537854088948 390.708134827796 382.935926764895 6 0.6 0.1
376.821025302253 0.551493057263392 0.109733777404552 388.593233365153 380.821025302253 7 0.7 0.1
375.186233684111 0.835201370776119 0.0944325339223605 386.958441747012 379.186233684111 8 0.8 0.1
335.978690373415 0.81774982961232 0.122945794518067 347.750898436315 339.978690373415 9 0.9 0.1
363.595459423244 0.995503764752812 0.100086705381504 375.367667486145 367.595459423244 10 1 0.1
195.087576546292 0.0666719047341696 0.527158306398262 206.859784609192 199.087576546292 11 0.1 0.4
172.198810762444 0.160883900842374 0.423384082269867 183.971018825345 176.198810762444 12 0.2 0.4
115.195388300384 0.260577312305387 0.435214680262239 126.967596363284 119.195388300384 13 0.3 0.4
127.339355727072 0.451586206894611 0.447264820425236 139.111563789972 131.339355727072 14 0.4 0.4
89.4690237777792 0.383237870182844 0.501085173918791 101.24123184068 93.4690237777792 15 0.5 0.4
107.830077531607 0.657307605359001 0.461939921642499 119.602285594508 111.830077531607 16 0.6 0.4
135.663397460042 0.573678253735896 0.413375387521148 147.435605522942 139.663397460042 17 0.7 0.4
183.374453861771 0.796606670770774 0.342293749715833 195.146661924671 187.374453861771 18 0.8 0.4
182.484158387584 0.875084973375665 0.326921916615405 194.256366450484 186.484158387584 19 0.9 0.4
217.648214695823 1 10 229.420422758723 221.648214695823 20 1 0.4
102.148015117238 0.101903746656656 0.938657484863734 113.920223180138 106.148015117238 21 0.1 0.7
110.228832132052 0.259197243315753 0.587152626267712 122.001040194952 114.228832132052 22 0.2 0.7
76.3812664380055 0.269980989845034 0.741182988926168 88.1534745009058 80.3812664380055 23 0.3 0.7
69.0773724589178 0.42386640843403 0.754348827297226 80.8495805218181 73.0773724589178 24 0.4 0.7
71.8650016034554 0.52170178525335 0.69593238802193 83.6372096663557 75.8650016034554 25 0.5 0.7
77.8800075519727 0.982765243016137 9.89798183180652 89.652215614873 81.8800075519727 26 0.6 0.7
69.7250360359374 0.982506973567935 9.81213540602103 81.4972440988378 73.7250360359374 27 0.7 0.7
110.080649539873 0.84042300893846 0.872703942986228 121.852857602774 114.080649539873 28 0.8 0.7
149.918791713493 0.991408703632318 9.81139921456868 161.690999776393 153.918791713493 29 0.9 0.7
184.377150028946 1 10 196.149358091846 188.377150028946 30 1 0.7
105.295870615234 0.0720214065273785 1.10407425346376 117.068078678134 109.295870615234 31 0.1 1
48.090718239348 0.20898411031218 1.34760810182172 59.8629263022483 52.090718239348 32 0.2 1
21.3937595639134 0.279764225926456 5.14866074107815 33.1659676268137 25.3937595639134 33 0.3 1
61.8178012457103 0.423666998642645 1.19477177491385 73.5900093086106 65.8178012457103 34 0.4 1
47.3523996805038 0.509265120870423 1.05117173412985 59.1246077434041 51.3523996805038 35 0.5 1
58.8581805675136 0.472334972551648 0.816480413789655 70.6303886304139 62.8581805675136 36 0.6 1
69.2201420772244 0.748269878214271 0.935085637856816 80.9923501401247 73.2201420772244 37 0.7 1
87.1287344767135 0.969530027093884 10 98.9009425396138 91.1287344767135 38 0.8 1
111.95103140845 0.987203239715759 9.93290334246735 123.72323947135 115.95103140845 39 0.9 1
198.240093640145 1 10 210.012301703045 202.240093640145 40 1 1
39.7178984898371 0.0894089445465354 2.60969232397577 51.4901065527374 43.7178984898371 41 0.1 3
23.8204322374051 0.198739545212727 3.35317434399031 35.5926403003054 27.8204322374051 42 0.2 3
25.1991850463058 0.287264794654362 3.46525456580341 36.9713931092061 29.1991850463058 43 0.3 3
19.5039117554751 0.417765272274999 4.49320080426188 31.2761198183754 23.5039117554751 44 0.4 3
15.7175376446703 0.497311093448159 7.75859421848399 27.4897457075706 19.7175376446703 45 0.5 3
40.4012553066666 0.697246977437694 2.90270907845607 52.1734633695669 44.4012553066666 46 0.6 3
27.6590126280576 0.63659131134175 3.17275582457158 39.4312206909579 31.6590126280576 47 0.7 3
56.5081748111297 0.924928937676282 10 68.28038287403 60.5081748111297 48 0.8 3
74.2520451372702 0.968435766064424 9.82796311878855 86.0242532001705 78.2520451372702 49 0.9 3
160.588013363411 0.999671699385676 10 172.360221426311 164.588013363411 50 1 3
23.8596804587293 0.185334169936981 2.98550077615696 35.6318885216296 27.8596804587293 51 0.1 5
30.8525727442479 0.185804338777078 3.57976656070063 42.6247808071482 34.8525727442479 52 0.2 5
24.0416753101377 0.280201812765468 6.19735605991606 35.8138833730381 28.0416753101377 53 0.3 5
17.0043501454004 0.393285389574075 7.94558150292849 28.7765582083007 21.0043501454004 54 0.4 5
25.7790284464659 0.54317829298383 2.42007923467285 37.5512365093662 29.7790284464659 55 0.5 5
16.2501758457143 0.704266934024359 10 28.0223839086146 20.2501758457143 56 0.6 5
25.0834065263147 0.77870508198896 10 36.855614589215 29.0834065263147 57 0.7 5
31.5541794432021 0.635402301107017 2.3359487618632 43.3263875061024 35.5541794432021 58 0.8 5
41.7614837624485 0.771542245706405 3.35169267435613 53.5336918253488 45.7614837624485 59 0.9 5
209.330448529104 1 10 221.102656592004 213.330448529104 60 1 5
16.6972869870695 0.113170064644918 10 28.4694950499698 20.6972869870695 61 0.1 7
14.3894437480759 0.202142755497224 10 26.1616518109762 18.3894437480759 62 0.2 7
9.85930227600383 0.274854386020562 10 21.6315103389041 13.8593022760038 63 0.3 7
14.8855966543176 0.403358507268984 10 26.657804717218 18.8855966543176 64 0.4 7
15.498059556057 0.510307335685455 10 27.2702676189573 19.498059556057 65 0.5 7
14.4931787227524 0.577225752978201 10 26.2653867856527 18.4931787227524 66 0.6 7
31.852427563169 0.578357699322016 4.02241987472599 43.6246356260693 35.852427563169 67 0.7 7
22.2453130503347 0.620689482443123 3.34346579229459 34.017521113235 26.2453130503347 68 0.8 7
53.2116611434804 0.669024921928684 1.6701649038478 64.9838692063807 57.2116611434804 69 0.9 7
184.377150028946 1 10 196.149358091846 188.377150028946 70 1 7
20.3758003903554 0.0955302856437568 10 32.1480084532557 24.3758003903554 71 0.1 10
14.9061349209757 0.184078811330028 10 26.678342983876 18.9061349209757 72 0.2 10
16.286294045387 0.297203488261365 10 28.0585021082873 20.286294045387 73 0.3 10
12.5162526914129 0.411918087202165 10 24.2884607543132 16.5162526914129 74 0.4 10
18.1308866357632 0.489023916374604 10 29.9030946986636 22.1308866357632 75 0.5 10
14.9310351841804 0.554807775029424 10 26.7032432470807 18.9310351841804 76 0.6 10
16.3281163806456 0.57089696545306 10 28.1003244435459 20.3281163806456 77 0.7 10
51.1537189256778 0.829279476874196 9.80061960063617 62.9259269885781 55.1537189256778 78 0.8 10
63.4976024069647 0.920962639421199 10 75.269810469865 67.4976024069647 79 0.9 10
194.081210556785 1 10 205.853418619685 198.081210556785 80 1 10
