943.70324611773 0.099767768832342 0.119826678666061 956.861748541751 947.70324611773 1 0.1 0.1
877.088067074954 0.247479594112527 0.10156017848255 890.246569498974 881.088067074954 2 0.2 0.1
846.856972987839 0.304143149669657 0.0990245995371689 860.015475411859 850.856972987839 3 0.3 0.1
834.299785795259 0.357356233382707 0.100223904218132 847.458288219279 838.299785795259 4 0.4 0.1
824.470949033718 0.507696189365987 0.099794447585147 837.629451457738 828.470949033718 5 0.5 0.1
771.108948965032 0.655241318061414 0.102310616466759 784.267451389052 775.108948965032 6 0.6 0.1
805.958396501609 0.686170718987605 0.0972757634559055 819.116898925629 809.958396501609 7 0.7 0.1
736.619565067181 0.852798057136448 0.101570329155226 749.778067491201 740.619565067181 8 0.8 0.1
717.316904670335 0.912649497017593 0.104513033874737 730.475407094355 721.316904670335 9 0.9 0.1
700.094647692886 0.974623582740593 0.103474516609677 713.253150116906 704.094647692886 10 1 0.1
608.632659127695 0.0857786511441259 0.430832350315469 621.791161551715 612.632659127695 11 0.1 0.4
469.077494938322 0.219477097043947 0.373421235870547 482.235997362343 473.077494938322 12 0.2 0.4
366.845572840534 0.242116107302742 0.429833036139148 380.004075264554 370.845572840534 13 0.3 0.4
315.444236529645 0.35910917518664 0.468004469215907 328.602738953665 319.444236529645 14 0.4 0.4
287.30121013049 0.602542299506522 0.382940949460504 300.45971255451 291.30121013049 15 0.5 0.4
245.317330546812 0.642418771301791 0.490108684102585 258.475832970833 249.317330546812 16 0.6 0.4
272.235801268095 0.698737992894677 0.464638816875111 285.394303692115 276.235801268095 17 0.7 0.4
298.834681206883 0.868463622439513 0.483844681554516 311.993183630903 302.834681206883 18 0.8 0.4
354.83741591727 0.91298534378073 0.332387859293643 367.99591834129 358.83741591727 19 0.9 0.4
394.909774273508 1 0.334235277649034 408.068276697528 398.909774273508 20 1 0.4
458.840789016561 0.106061432283777 0.669982174388997 471.999291440581 462.840789016561 21 0.1 0.7
292.781903656446 0.137659754011221 0.767051554245882 305.940406080466 296.781903656446 22 0.2 0.7
238.977638383137 0.262239342383461 0.84854956357441 252.136140807157 242.977638383137 23 0.3 0.7
237.053445889952 0.435813361221309 0.659962143525791 250.211948313973 241.053445889952 24 0.4 0.7
230.929394233261 0.426474200226445 0.72228513685024 244.087896657281 234.929394233261 25 0.5 0.7
228.606556128987 0.533072023053309 0.656688712028143 241.765058553008 232.606556128987 26 0.6 0.7
227.405115306149 0.701845761372821 0.769818925823797 240.563617730169 231.405115306149 27 0.7 0.7
225.643571599725 0.990949428383672 9.94208016296261 238.802074023745 229.643571599725 28 0.8 0.7
264.726339663875 0.990317732867143 9.99386624903766 277.884842087896 268.726339663875 29 0.9 0.7
386.77612675245 1 10 399.93462917647 390.77612675245 30 1 0.7
373.121917731842 0.117505183992806 0.828316710552171 386.280420155863 377.121917731842 31 0.1 1
223.887206697816 0.208897862566122 0.952744828526156 237.045709121836 227.887206697816 32 0.2 1
163.325337850714 0.238317315652941 1.19098065716022 176.483840274734 167.325337850714 33 0.3 1
173.512928700223 0.394564603053363 0.978680841853938 186.671431124244 177.512928700223 34 0.4 1
154.561150994595 0.514009275614641 1.12252503108375 167.719653418615 158.561150994595 35 0.5 1
176.265190224771 0.689373688952527 1.05893748903114 189.423692648791 180.265190224771 36 0.6 1
186.552203214205 0.732668165631492 0.931420928314245 199.710705638225 190.552203214205 37 0.7 1
246.468187753909 0.980063923239639 8.52943266686457 259.626690177929 250.468187753909 38 0.8 1
252.456492811245 0.99013602048715 9.99554553324014 265.614995235265 256.456492811245 39 0.9 1
388.16242111357 1 10 401.32092353759 392.16242111357 40 1 1
100.323033811587 0.0979734510396304 2.76342943598556 113.481536235607 104.323033811587 41 0.1 3
80.6090188619942 0.192139403137259 3.9431300374451 93.7675212860144 84.6090188619942 42 0.2 3
110.540328325916 0.299758992792862 2.52512573513379 123.698830749936 114.540328325916 43 0.3 3
98.7785191738833 0.380024037435358 2.78396153818892 111.937021597903 102.778519173883 44 0.4 3
74.822028812712 0.568407022167374 4.14776767823466 87.9805312367322 78.822028812712 45 0.5 3
93.0044339504554 0.594933480783029 3.00895610996784 106.162936374476 97.0044339504554 46 0.6 3
100.648093205938 0.792182845442104 5.56284940676166 113.806595629959 104.648093205938 47 0.7 3
116.188416707189 0.633933383422412 1.82040157592032 129.346919131209 120.188416707189 48 0.8 3
173.874624590926 0.761272216130902 1.00228238151756 187.033127014946 177.874624590926 49 0.9 3
378.458360585731 1 10 391.616863009751 382.458360585731 50 1 3
79.3662428078432 0.0866745378960652 5.59855455785714 92.5247452318634 83.3662428078432 51 0.1 5
48.4417173635245 0.209997942713956 10 61.6002197875447 52.4417173635245 52 0.2 5
65.5190550837221 0.332310947079766 6.48525746216949 78.6775575077423 69.5190550837221 53 0.3 5
80.6618111132918 0.404145852178084 4.20632340428641 93.820313537312 84.6618111132918 54 0.4 5
62.3890236678249 0.479561393895305 7.07183449578294 75.5475260918451 66.3890236678249 55 0.5 5
50.4471337635899 0.660123982181157 10 63.6056361876101 54.4471337635899 56 0.6 5
100.950915731543 0.694036294663298 3.55198170415073 114.109418155563 104.950915731543 57 0.7 5
109.772003217674 0.848783190399757 10 122.930505641695 113.772003217674 58 0.8 5
121.224484439533 0.954729724840207 10 134.382986863553 125.224484439533 59 0.9 5
386.77612675245 1 10 399.93462917647 390.77612675245 60 1 5
83.3977875301309 0.108783573342713 4.394457690038 96.5562899541511 87.3977875301309 61 0.1 7
53.8403821564226 0.192169136845531 10 66.9988845804428 57.8403821564226 62 0.2 7
65.1678274401281 0.301234913506172 7.81507304012377 78.3263298641483 69.1678274401281 63 0.3 7
49.3011509242869 0.382682937219732 10 62.4596533483071 53.3011509242869 64 0.4 7
61.1484491225526 0.551018888997882 8.16047877758133 74.3069515465728 65.1484491225526 65 0.5 7
54.3741710625202 0.674712588910525 10 67.5326734865404 58.3741710625202 66 0.6 7
60.3626750583686 0.524122043619113 5.66240186974853 73.5211774823888 64.3626750583686 67 0.7 7
80.1748355356103 0.85247241184343 10 93.3333379596305 84.1748355356103 68 0.8 7
115.949038740237 0.882425379266076 6.66896188367919 129.107541164257 119.949038740237 69 0.9 7
365.238373710514 0.99865903020114 9.99999999811483 378.396876134534 369.238373710514 70 1 7
46.9278981722699 0.0927154228746756 10 60.0864005962901 50.9278981722699 71 0.1 10
51.1765440236891 0.187603255413568 10 64.3350464477093 55.1765440236891 72 0.2 10
53.9139340164893 0.30859669658063 10 67.0724364405095 57.9139340164893 73 0.3 10
50.7952793822926 0.40171860628523 10 63.9537818063128 54.7952793822926 74 0.4 10
52.6696583223591 0.559181264294547 10 65.8281607463793 56.6696583223591 75 0.5 10
64.4859193027982 0.575641128712218 5.06347122724797 77.6444217268184 68.4859193027982 76 0.6 10
68.6423207823436 0.656592685950883 5.34398335884001 81.8008232063638 72.6423207823436 77 0.7 10
88.0540306074755 0.801024693987052 10 101.212533031496 92.0540306074755 78 0.8 10
105.894946611252 0.85369277622197 5.14519135624927 119.053449035272 109.894946611252 79 0.9 10
392.32130419693 1 10 405.47980662095 396.32130419693 80 1 10
