1 0.1 0.1 -0.9
2 0.3 0.1 -0.9
3 0.5 0.1 -0.9
4 0.7 0.1 -0.9
5 0.9 0.1 -0.9
6 0.1 0.5 -0.9
7 0.3 0.5 -0.9
8 0.5 0.5 -0.9
9 0.7 0.5 -0.9
10 0.9 0.5 -0.9
11 0.1 1 -0.9
12 0.3 1 -0.9
13 0.5 1 -0.9
14 0.7 1 -0.9
15 0.9 1 -0.9
16 0.1 5 -0.9
17 0.3 5 -0.9
18 0.5 5 -0.9
19 0.7 5 -0.9
20 0.9 5 -0.9
21 0.1 10 -0.9
22 0.3 10 -0.9
23 0.5 10 -0.9
24 0.7 10 -0.9
25 0.9 10 -0.9
26 0.1 0.1 -0.7
27 0.3 0.1 -0.7
28 0.5 0.1 -0.7
29 0.7 0.1 -0.7
30 0.9 0.1 -0.7
31 0.1 0.5 -0.7
32 0.3 0.5 -0.7
33 0.5 0.5 -0.7
34 0.7 0.5 -0.7
35 0.9 0.5 -0.7
36 0.1 1 -0.7
37 0.3 1 -0.7
38 0.5 1 -0.7
39 0.7 1 -0.7
40 0.9 1 -0.7
41 0.1 5 -0.7
42 0.3 5 -0.7
43 0.5 5 -0.7
44 0.7 5 -0.7
45 0.9 5 -0.7
46 0.1 10 -0.7
47 0.3 10 -0.7
48 0.5 10 -0.7
49 0.7 10 -0.7
50 0.9 10 -0.7
51 0.1 0.1 -0.5
52 0.3 0.1 -0.5
53 0.5 0.1 -0.5
54 0.7 0.1 -0.5
55 0.9 0.1 -0.5
56 0.1 0.5 -0.5
57 0.3 0.5 -0.5
58 0.5 0.5 -0.5
59 0.7 0.5 -0.5
60 0.9 0.5 -0.5
61 0.1 1 -0.5
62 0.3 1 -0.5
63 0.5 1 -0.5
64 0.7 1 -0.5
65 0.9 1 -0.5
66 0.1 5 -0.5
67 0.3 5 -0.5
68 0.5 5 -0.5
69 0.7 5 -0.5
70 0.9 5 -0.5
71 0.1 10 -0.5
72 0.3 10 -0.5
73 0.5 10 -0.5
74 0.7 10 -0.5
75 0.9 10 -0.5
76 0.1 0.1 -0.3
77 0.3 0.1 -0.3
78 0.5 0.1 -0.3
79 0.7 0.1 -0.3
80 0.9 0.1 -0.3
81 0.1 0.5 -0.3
82 0.3 0.5 -0.3
83 0.5 0.5 -0.3
84 0.7 0.5 -0.3
85 0.9 0.5 -0.3
86 0.1 1 -0.3
87 0.3 1 -0.3
88 0.5 1 -0.3
89 0.7 1 -0.3
90 0.9 1 -0.3
91 0.1 5 -0.3
92 0.3 5 -0.3
93 0.5 5 -0.3
94 0.7 5 -0.3
95 0.9 5 -0.3
96 0.1 10 -0.3
97 0.3 10 -0.3
98 0.5 10 -0.3
99 0.7 10 -0.3
100 0.9 10 -0.3
101 0.1 0.1 -0.1
102 0.3 0.1 -0.1
103 0.5 0.1 -0.1
104 0.7 0.1 -0.1
105 0.9 0.1 -0.1
106 0.1 0.5 -0.1
107 0.3 0.5 -0.1
108 0.5 0.5 -0.1
109 0.7 0.5 -0.1
110 0.9 0.5 -0.1
111 0.1 1 -0.1
112 0.3 1 -0.1
113 0.5 1 -0.1
114 0.7 1 -0.1
115 0.9 1 -0.1
116 0.1 5 -0.1
117 0.3 5 -0.1
118 0.5 5 -0.1
119 0.7 5 -0.1
120 0.9 5 -0.1
121 0.1 10 -0.1
122 0.3 10 -0.1
123 0.5 10 -0.1
124 0.7 10 -0.1
125 0.9 10 -0.1
126 0.1 0.1 0.1
127 0.3 0.1 0.1
128 0.5 0.1 0.1
129 0.7 0.1 0.1
130 0.9 0.1 0.1
131 0.1 0.5 0.1
132 0.3 0.5 0.1
133 0.5 0.5 0.1
134 0.7 0.5 0.1
135 0.9 0.5 0.1
136 0.1 1 0.1
137 0.3 1 0.1
138 0.5 1 0.1
139 0.7 1 0.1
140 0.9 1 0.1
141 0.1 5 0.1
142 0.3 5 0.1
143 0.5 5 0.1
144 0.7 5 0.1
145 0.9 5 0.1
146 0.1 10 0.1
147 0.3 10 0.1
148 0.5 10 0.1
149 0.7 10 0.1
150 0.9 10 0.1
151 0.1 0.1 0.3
152 0.3 0.1 0.3
153 0.5 0.1 0.3
154 0.7 0.1 0.3
155 0.9 0.1 0.3
156 0.1 0.5 0.3
157 0.3 0.5 0.3
158 0.5 0.5 0.3
159 0.7 0.5 0.3
160 0.9 0.5 0.3
161 0.1 1 0.3
162 0.3 1 0.3
163 0.5 1 0.3
164 0.7 1 0.3
165 0.9 1 0.3
166 0.1 5 0.3
167 0.3 5 0.3
168 0.5 5 0.3
169 0.7 5 0.3
170 0.9 5 0.3
171 0.1 10 0.3
172 0.3 10 0.3
173 0.5 10 0.3
174 0.7 10 0.3
175 0.9 10 0.3
176 0.1 0.1 0.5
177 0.3 0.1 0.5
178 0.5 0.1 0.5
179 0.7 0.1 0.5
180 0.9 0.1 0.5
181 0.1 0.5 0.5
182 0.3 0.5 0.5
183 0.5 0.5 0.5
184 0.7 0.5 0.5
185 0.9 0.5 0.5
186 0.1 1 0.5
187 0.3 1 0.5
188 0.5 1 0.5
189 0.7 1 0.5
190 0.9 1 0.5
191 0.1 5 0.5
192 0.3 5 0.5
193 0.5 5 0.5
194 0.7 5 0.5
195 0.9 5 0.5
196 0.1 10 0.5
197 0.3 10 0.5
198 0.5 10 0.5
199 0.7 10 0.5
200 0.9 10 0.5
201 0.1 0.1 0.7
202 0.3 0.1 0.7
203 0.5 0.1 0.7
204 0.7 0.1 0.7
205 0.9 0.1 0.7
206 0.1 0.5 0.7
207 0.3 0.5 0.7
208 0.5 0.5 0.7
209 0.7 0.5 0.7
210 0.9 0.5 0.7
211 0.1 1 0.7
212 0.3 1 0.7
213 0.5 1 0.7
214 0.7 1 0.7
215 0.9 1 0.7
216 0.1 5 0.7
217 0.3 5 0.7
218 0.5 5 0.7
219 0.7 5 0.7
220 0.9 5 0.7
221 0.1 10 0.7
222 0.3 10 0.7
223 0.5 10 0.7
224 0.7 10 0.7
225 0.9 10 0.7
226 0.1 0.1 0.9
227 0.3 0.1 0.9
228 0.5 0.1 0.9
229 0.7 0.1 0.9
230 0.9 0.1 0.9
231 0.1 0.5 0.9
232 0.3 0.5 0.9
233 0.5 0.5 0.9
234 0.7 0.5 0.9
235 0.9 0.5 0.9
236 0.1 1 0.9
237 0.3 1 0.9
238 0.5 1 0.9
239 0.7 1 0.9
240 0.9 1 0.9
241 0.1 5 0.9
242 0.3 5 0.9
243 0.5 5 0.9
244 0.7 5 0.9
245 0.9 5 0.9
246 0.1 10 0.9
247 0.3 10 0.9
248 0.5 10 0.9
249 0.7 10 0.9
250 0.9 10 0.9
